10314
9923
9288
8682
8501
8450
8233
8424
8444
8456
8626
8685
8680
8889
8831
8817
8962
8840
8870
8958
8822
8912
8954
8853
9002
9024
8781
8992
8977
9088
9522
9228
8871
8979
8959
8974
9059
9920
11862
12580
8125
8670
8714
8710
8919
9023
9084
9340
9434
9538
9990
10145
10338
10595
10371
10207
9746
8979
8617
8471
8234
8493
8521
8347
8586
8571
8591
8914
8741
8801
9046
8819
8962
9001
8802
9056
8983
8976
9179
9103
9116
9197
9185
9261
9770
9512
9399
9375
9222
9330
9303
9417
11458
12951
10093
8606
8974
8928
9202
9236
9435
9432
9569
9829
10104
10263
10617
10851
10695
10666
10188
9360
9024
8674
8411
8660
8472
8419
8620
8583
8712
8896
8834
8897
8977
8785
8873
8924
8779
8910
8835
8753
8930
8881
8847
8983
9043
9333
9159
8821
8942
8958
8864
8967
10034
11769
12371
8190
8221
8777
8769
8859
9157
9155
9279
9477
9565
9901
10231
10445
10600
10544
10069
9635
8979
8455
8369
8249
8269
8356
8338
8336
8501
8519
8618
8721
8723
8789
8835
8722
8816
8769
8703
8808
8811
8733
8949
9137
8909
8729
8586
8575
8707
8645
9418
11415
12249
8313
8162
8612
8766
8916
8979
9211
9283
9463
9701
9886
10201
10521
10607
10616
10325
9663
9148
8693
8403
8474
8439
8420
8501
8568
8569
8711
8742
8807
8949
8933
8934
8939
8827
8883
8884
8829
8959
8986
9019
9427
9131
8868
8872
8874
8901
8911
9595
11520
12869
8464
8328
8707
8654
8897
9026
9061
9320
9432
9558
9902
10129
10357
10539
10419
10225
9717
9026
8615
8401
8291
8416
8437
8462
8568
8588
8587
8746
8738
8786
8860
8803
8834
8895
8834
8907
8893
8802
8925
8907
8850
8982
8974
9212
9423
9089
8943
8973
8903
8949
8891
10003
12102
12815
8118
8517
8727
8691
8905
9032
9079
9315
9381
9580
9897
10074
10354
10549
10442
10181
9592
8878
8515
8375
8202
8285
8366
8341
8534
8557
8621
8767
8708
8717
8771
8727
8818
8830
8699
8809
8820
8768
8863
8906
8840
8938
8913
8873
8962
8920
8953
9005
8995
9111
9501
9204
9071
8960
8916
9017
8972
9261
11172
13220
9640
8328
8626
8698
8846
8899
9080
9228
9262
9524
9734
9906
10337
10475
10490
10428
10021
9352
8867
8511
8347
8377
8321
8421
8504
8456
8682
8713
8659
8846
8856
8805
8885
8815
8825
8859
8748
8742
8840
8765
8852
8901
8810
8872
8889
8824
8926
8876
8820
8930
8888
8912
9025
9295
9402
9150
8844
8860
8879
8835
8844
9866
11788
13025
8169
8215
8643
8627
8728
8937
8995
9129
9391
9482
9763
10086
10249
10428
10420
10117
9728
9016
8521
8350
8177
8184
8297
8265
8320
8494
8530
8603
8736
8671
8808
8820
8709
8822
8821
8728
8854
8791
8751
8862
8766
8828
8906
8775
8854
8906
8873
8975
9056
9299
9428
9121
8850
8950
8919
8956
9079
10361
12042
11842
8006
8417
8776
8759
8939
9095
9132
9371
9511
9625
9975
10179
10391
10570
10473
10203
9694
8968
8535
8343
8193
8319
8374
8291
8406
8483
8524
8705
8749
8784
8901
8879
8842
8906
8808
8834
8906
8852
8899
8930
8859
8942
9185
9324
9129
8908
8808
8931
8891
8840
9946
11499
12470
8297
8338
8747
8854
8883
9065
9164
9212
9475
9635
9819
10153
10371
10513
10601
10269
9748
9123
8566
8424
8318
8260
8396
8458
8411
8554
8611
8656
8826
8792
8832
8933
8882
8864
8928
8831
8929
8965
8912
9005
8975
8947
9050
9051
9427
9333
9048
8842
8902
8843
8820
9167
10886
12805
9989
8173
8662
8729
8784
9001
9131
9179
9433
9570
9702
10059
10297
10498
10600
10374
10039
9432
8765
8483
8342
8252
8381
8426
8424
8597
8655
8665
8804
8768
8806
8884
8828
8853
8881
8808
8895
8917
8851
8933
8886
8910
9009
8985
9332
9330
9049
8892
8932
8884
8884
9009
10438
12528
11681
8111
8647
8714
8720
8960
9002
9107
9363
9496
9660
9968
10201
10398
10534
10384
10133
9461
8775
8451
8253
8153
8268
8269
8287
8447
8458
8523
8653
8610
8743
8767
8700
8775
8796
8748
8827
8793
8732
8804
8819
8745
8883
8824
8851
9128
9317
9095
8941
8813
8885
8929
8753
9699
11625
12704
8366
8223
8606
8757
8736
8879
9117
9162
9324
9568
9720
10010
10298
10345
10464
10214
9645
9041
8578
8247
8173
8119
8118
8236
8255
8380
8472
8479
8605
8729
8654
8786
8682
8620
8754
8721
8718
8786
8773
8733
8880
8831
8916
9258
9189
8948
8850
8757
8856
8864
8869
10489
12156
10968
8003
8492
8728
8867
8896
9054
9248
9347
9560
9769
9962
10355
10558
10550
10557
10183
9485
8940
8472
8275
8280
8289
8331
8429
8439
8551
8655
8684
8839
8894
8844
8973
8909
8812
8949
8903
8856
8988
8918
9266
9233
8901
8832
8908
8803
8895
8974
10441
12257
11104
7959
8565
8748
8811
9039
9073
9248
9397
9530
9783
10049
10239
10554
10623
10468
10172
9509
8823
8562
8356
8270
8421
8398
8459
8521
8545
8672
8774
8749
8841
8883
8822
8897
8874
8791
8925
8918
8907
8971
9129
9352
9136
8886
8861
8963
8908
8943
9727
11535
12916
8582
8298
8772
8802
8879
9065
9178
9291
9543
9594
9866
10133
10326
10561
10574
10253
9778
9112
8555
8419
8338
8305
8476
8416
8539
8641
8644
8724
8839
8769
8867
8917
8817
8902
8897
8833
8947
8897
8863
8975
8914
8885
8979
8918
8995
9349
9455
9227
9085
8920
8975
9000
8847
9815
11657
12967
8486
8378
8639
8772
8817
8969
9140
9196
9419
9621
9750
10110
10404
10452
10556
10329
9765
9193
8688
8388
8414
8351
8409
8530
8532
8661
8811
8794
8915
8979
8955
9055
9074
9075
9145
9103
9099
9184
9117
9157
9184
9118
9151
9245
9180
9288
9366
9235
9381
9341
9663
9699
9419
9116
9230
9211
9166
9234
10504
12587
12669
8257
8738
8912
8863
9089
9155
9214
9425
9552
9679
9994
10189
10385
10567
10445
10160
9667
8965
8552
8322
8223
8307
8289
8201
8431
8470
8466
8607
8584
8551
8637
8539
8595
8637
8595
8654
8679
8553
8642
8654
8594
8699
8719
8667
8756
8753
8733
8830
8779
8779
8926
8822
9295
9156
8888
8746
8749
8732
8793
8863
10321
12495
11176
7924
8399
8457
8561
8740
8827
8973
9166
9237
9470
9741
9943
10252
10318
10203
10010
9472
8776
8440
8209
8127
8240
8199
8286
8398
8372
8507
8590
8567
8681
8764
8649
8791
8765
8674
8767
8738
8693
8840
8776
8779
8793
8777
8811
8893
8852
8944
9339
9151
9018
8836
8801
8869
8858
9074
10744
12380
10538
8067
8517
8762
8905
8904
9084
9224
9298
9497
9719
9894
10242
10487
10588
10548
10103
9457
8895
8433
8314
8326
8290
8361
8385
8388
8551
8627
8627
8801
8841
8800
8870
8839
8779
8829
8754
8739
8817
8733
8797
8898
8776
8961
9332
8994
8957
8823
8804
8916
8811
9253
11074
12416
9092
8203
8619
8781
8878
8938
9101
9225
9309
9533
9736
9989
10331
10519
10481
10383
9891
9241
8776
8351
8336
8313
8263
8412
8429
8440
8573
8645
8639
8768
8770
8795
8875
8834
8833
8873
8837
8857
8887
8856
8895
8964
8869
9001
9284
9274
9171
8983
8914
8986
8976
8901
10196
11954
12705
8270
8525
8785
8832
8890
9111
9187
9286
9546
9693
9875
10236
10469
10586
10634
10356
9776
9094
8569
8404
8347
8295
8407
8442
8445
8587
8617
8609
8739
8790
8736
8855
8763
8810
8881
8820
8871
8894
8798
8877
8860
8753
8808
8809
8846
8931
8912
9162
9336
8986
8801
8840
8787
8843
8791
9871
11789
12866
8082
8408
8560
8567
8825
8901
8943
9182
9268
9456
9737
9909
10198
10428
10323
10195
9748
8997
8597
8325
8168
8309
8378
8371
8528
8557
8567
8725
8719
8782
8849
8790
8861
8905
8812
8916
8908
8843
8980
8934
8890
8987
8936
8907
9023
8994
9027
9144
9457
9283
9124
8869
8971
9042
8913
9198
10973
12876
10553
8265
8576
8742
8819
8932
9139
9188
9344
9572
9712
10032
10270
10415
10584
10522
10052
9523
8889
8450
8348
8245
8239
8367
8371
8449
8535
8509
8612
8692
8695
8743
8764
8690
8787
8763
8703
8764
8763
8762
8888
8816
8835
8884
8844
8860
8938
8891
9002
9327
9271
9118
8883
8783
8924
8887
8825
10307
12330
12168
8115
8359
8567
8708
8767
8929
9118
9126
9431
9608
9726
10069
10309
10422
10487
10104
9587
9020
8503
8284
8223
8110
8251
8292
8369
8494
8557
8597
8731
8807
8741
8843
8799
8759
8895
8844
8800
8894
8797
8825
8942
8813
8929
8905
9021
9429
9157
8904
8949
8846
8877
8881
9662
11521
12722
8386
8127
8707
8727
8887
9076
9053
9316
9464
9527
9889
10165
10401
10629
10617
10323
9966
9143
8684
8341
8175
8274
8330
8281
8402
8448
8482
8706
8709
8673
8833
8810
8789
8877
8795
8784
8880
8761
8842
8905
8810
9285
9153
8824
8816
8847
8741
8860
8961
10549
12333
10374
7919
8574
8608
8768
8951
8932
9165
9289
9352
9657
9886
10144
10475
10505
10382
10077
9288
8729
8398
8203
8227
8309
8269
8402
8498
8500
8672
8710
8667
8830
8821
8776
8867
8812
8792
8827
8819
8859
8939
9253
9093
8874
8676
8769
8819
8815
9026
10722
12587
10451
7968
8477
8696
8755
8893
9037
9090
9322
9525
9620
9954
10240
10465
10504
10423
9936
9361
8786
8430
8328
8275
8271
8452
8384
8464
8601
8639
8764
8840
8752
8930
8898
8868
8963
8933
8873
8931
8982
8950
9035
8993
9411
9255
8979
8851
8936
8849
8943
9009
10589
12725
11083
8005
8602
8653
8716
8887
8942
9101
9322
9369
9654
9959
10127
10452
10568
10420
10145
9392
8749
8456
8261
8224
8325
8345
8420
8522
8509
8594
8703
8668
8760
8826
8764
8873
8888
8775
8878
8843
8825
8888
8869
8863
8930
8881
8955
9085
9411
9197
9072
8837
8925
8911
8783
9242
11136
12907
9521
8224
8610
8677
8773
8935
9081
9158
9334
9509
9663
9977
10310
10426
10544
10402
9888
9320
8698
8338
8332
8236
8268
8360
8362
8472
8601
8536
8651
8734
8672
8710
8748
8736
8749
8772
8700
8798
8808
8782
8861
8828
8817
8865
8860
8885
8944
8867
8957
8963
8921
9261
9440
9074
8999
8882
8904
9031
8874
9770
11653
12839
8375
8257
8605
8737
8882
8859
9120
9180
9258
9614
9746
9912
10295
10384
10372
10294
9695
9140
8676
8300
8243
8229
8224
8368
8345
8381
8491
8576
8592
8731
8779
8782
8826
8729
8785
8815
8750
8785
8889
8782
8893
8902
8880
8953
8998
9348
9265
9031
8853
8925
8960
8915
9269
10822
12520
9999
8016
8660
8831
8833
9051
9134
9217
9432
9578
9734
10056
10270
10496
10596
10391
10080
9405
8759
8476
8345
8266
8379
8393
8360
8484
8580
8642
8796
8805
8850
8949
8872
8877
8917
8879
8930
8955
8838
8909
8916
8873
8979
9003
9391
9299
9048
8885
8987
8919
8893
9175
10812
12574
10098
8088
8742
8723
8755
9024
9077
9148
9351
9502
9685
10039
10226
10465
10637
10432
10108
9406
8718
8444
8317
8200
8340
8361
8404
8554
8577
8595
8725
8706
8784
8812
8747
8774
8843
8799
8793
8838
8781
8858
8889
8831
8907
8905
8906
8973
9109
9406
9155
8933
8888
8938
8893
8879
9529
11244
12977
8909
8246
8724
8762
8745
9001
9122
9177
9423
9511
9753
10049
10251
10521
10573
10325
9952
9277
8666
8417
8325
8213
8346
8320
8360
8489
8561
8576
8739
8706
8744
8794
8735
8811
8845
8756
8866
8822
8789
8867
8873
8815
8908
8900
8901
9004
8992
9030
9042
9219
9477
9199
8979
8957
8976
8883
8899
9956
11788
13129
8293
8443
8724
8695
8839
9042
9085
9255
9440
9557
9838
10083
10254
10462
10479
10225
9857
9151
8612
8441
8264
8255
8350
8330
8473
8579
8583
8674
8740
8688
8795
8802
8735
8867
8777
8732
8855
8808
8837
8883
8808
8862
8876
8805
8915
8954
8930
9079
9477
9129
9019
8849
8791
8878
8820
9301
11264
12690
9160
8184
8521
8671
8753
8786
9031
9192
9239
9495
9667
9885
10197
10376
10403
10327
9886
9277
8750
8296
8198
8284
8142
8294
8340
8329
8546
8628
8637
8810
8753
8759
8822
8771
8755
8760
8734
8758
8797
8731
8827
8873
8731
8865
8873
8871
9322
9247
9008
8905
8856
8856
8966
9037
10511
12138
10748
8002
8538
8672
8804
8962
8960
9183
9354
9470
9774
9968
10166
10497
10540
10536
10239
9538
8985
8526
8257
8291
8309
8235
8405
8448
8402
8588
8677
8698
8806
8769
8784
8853
8777
8807
8843
8743
8829
8870
8807
8915
8930
9018
9400
9138
8940
8954
8951
8923
8894
9528
11341
12723
8561
8348
8744
8699
8936
9028
9093
9310
9429
9595
9892
10098
10368
10610
10520
10365
9941
9252
8751
8515
8305
8362
8415
8419
8523
8597
8592
8695
8710
8717
8838
8779
8810
8824
8744
8793
8864
8797
8896
8894
8881
8991
8961
9266
9265
9050
8831
8949
8893
8896
9015
10434
12429
11618
8090
8622
8781
8745
8983
9092
9150
9398
9535
9721
10013
10231
10430
10623
10469
10202
9616
8938
8613
8417
8310
8407
8430
8358
8541
8592
8646
8839
8820
8791
8922
8852
8822
8906
8795
8855
8853
8771
8903
8909
8831
8950
8893
8899
9438
9131
8911
8867
8831
8912
8908
9186
11187
12958
9396
8209
8587
8576
8768
8875
8925
9125
9292
9415
9741
9913
10202
10450
10450
10360
10009
9152
8673
8345
8120
8204
8223
8219
8365
8357
8405
8533
8555
8599
8695
8653
8693
8764
8664
8716
8740
8689
8775
8776
8703
8855
8835
8772
8876
8884
9196
9260
8978
8750
8791
8748
8837
8923
10297
12114
11373
7850
8416
8689
8678
8923
8980
9095
9306
9442
9619
9894
10126
10411
10613
10426
10228
9631
8920
8569
8350
8229
8350
8351
8355
8474
8508
8572
8729
8729
8829
8915
8813
8859
8892
8775
8866
8843
8773
8888
8859
8826
9177
9278
8971
8858
8808
8846
8931
8848
10067
11833
12357
8123
8386
8639
8788
8875
8941
9160
9241
9391
9640
9801
10104
10423
10484
10477
10319
9647
9037
8554
8252
8301
8300
8277
8441
8452
8507
8671
8665
8701
8818
8716
8781
8834
8760
8793
8838
8741
8811
8858
8801
8921
8924
9278
9196
8920
8830
8880
8815
8862
9023
10671
12669
10707
8024
8573
8649
8704
8927
9030
9102
9370
9496
9620
9907
10091
10333
10517
10276
9973
9290
8571
8321
8140
8014
8158
8177
8189
8383
8403
8420
8638
8604
8627
8703
8629
8723
8711
8665
8740
8786
8733
8840
8873
8741
8857
8810
8840
8985
8913
9099
9487
9153
8970
8917
8833
8952
8909
9481
11464
13055
8766
8374
8643
8635
8852
8963
9070
9276
9380
9556
9809
9938
10249
10479
10460
10395
9903
9227
8760
8432
8261
8333
8311
8342
8471
8524
8605
8736
8727
8790
8829
8751
8848
8831
8771
8831
8854
8793
8899
8838
8819
8895
8883
8888
8982
8909
9001
9402
9197
9098
8926
8855
8976
8926
9097
10922
12439
10144
8111
8568
8690
8825
8913
9055
9204
9339
9527
9756
9895
10250
10423
10488
10454
10052
9388
8885
8409
8239
8242
8211
8269
8370
8333
8462
8603
8638
8762
8796
8762
8854
8819
8747
8827
8790
8763
8831
8815
8862
9103
9246
9040
8859
8729
8868
8885
8777
9694
11533
12357
8341
8269
8729
8838
8873
9024
9173
9263
9443
9704
9819
10151
10415
10518
10622
10398
9781
9219
8648
8389
8426
8336
8430
8532
8447
8516
8683
8692
8825
8868
8848
8930
8907
8793
8909
8850
8852
8892
8885
8904
8999
8930
9403
9240
8937
8890
8953
8885
8950
9215
11017
12928
9786
8187
8685
8718
8810
8995
9066
9264
9426
9553
9781
10078
10238
10550
10654
10426
10134
9427
8806
8537
8340
8309
8429
8377
8467
8580
8606
8697
8781
8738
8820
8853
8773
8878
8816
8797
8885
8863
8881
8997
8986
9404
9190
8886
8849
8902
8796
8849
9267
11222
13089
9236
8154
8626
8652
8702
8862
8946
9063
9312
9391
9644
9941
10163
10425
10483
10208
9839
9175
8550
8354
8225
8141
8305
8306
8335
8492
8518
8582
8730
8708
8781
8778
8733
8780
8799
8701
8813
8783
8775
8872
9008
9270
9032
8779
8674
8745
8703
8674
9357
11441
13058
8518
8055
8504
8553
8591
8878
8917
9072
9357
9485
9785
10102
10264
10515
10572
10255
9825
9097
8554
8352
8219
8224
8310
8298
8371
8519
8504
8636
8739
8719
8782
8811
8714
8800
8779
8692
8801
8784
8708
8845
8840
8899
9290
8992
8808
8809
8755
8808
8825
9314
11330
12612
8486
8114
8640
8661
8875
8972
8995
9229
9312
9476
9770
9938
10198
10441
10439
10294
9819
9102
8619
8365
8176
8261
8281
8276
8402
8464
8512
8731
8714
8782
8897
8817
8857
8852
8763
8857
8914
8826
9026
9385
9067
8936
8769
8807
8885
8829
9226
11231
12881
9316
8190
8614
8751
8770
8912
9117
9263
9363
9626
9799
10034
10415
10505
10566
10456
9887
9248
8751
8395
8366
8390
8362
8500
8517
8532
8750
8745
8770
8929
8831
8856
8941
8831
8839
8915
8824
8922
8946
8927
9250
9342
8989
8886
8832
8826
8950
8838
10003
12249
12998
8143
8521
8593
8741
8908
8909
9154
9308
9391
9717
9900
10146
10504
10599
10536
10318
9635
8960
8588
8262
8224
8314
8269
8379
8459
8459
8622
8681
8677
8779
8778
8785
8857
8765
8803
8820
8760
8814
8897
8819
8868
8887
8825
8902
9241
9315
9171
8911
8838
8918
8884
8829
10082
12104
13082
8197
8372
8608
8683
8713
8932
9068
9126
9382
9567
9755
10090
10286
10461
10499
10157
9659
8961
8412
8248
8219
8131
8258
8296
8346
8451
8507
8553
8667
8665
8671
8726
8674
8739
8739
8673
8737
8755
8686
8830
8842
8741
8887
8894
8850
9381
9152
8910
8844
8794
8833
8881
9045
10830
12790
10073
8035
8581
8610
8739
8848
8961
9155
9259
9405
9672
9851
10114
10408
10385
10351
10003
9265
8732
8427
8172
8263
8292
8241
8373
8364
8427
8602
8646
8707
8759
8687
8731
8756
8714
8786
8767
8713
8842
8895
8778
8939
9257
9109
8953
8777
8813
8900
8813
9008
10644
12261
10630
8044
8448
8727
8791
8888
9084
9154
9294
9581
9722
9983
10309
10465
10591
10507
10037
9432
8852
8414
8376
8322
8291
8402
8424
8421
8603
8618
8688
8832
8806
8783
8877
8802
8838
8867
8754
8836
8852
8846
8889
9211
9255
9046
8786
8763
8886
8845
8847
10186
12157
12550
8184
8411
8715
8782
8861
9072
9181
9265
9523
9676
9897
10230
10482
10550
10607
10210
9667
9049
8564
8414
8373
8283
8454
8452
8442
8625
8683
8654
8807
8760
8767
8818
8784
8847
8848
8742
8816
8848
8779
8896
8894
8823
9337
9169
8924
8817
8843
8837
8874
8900
10697
12741
10858
8117
8575
8581
8751
8867
8912
9115
9245
9358
9691
9917
10181
10478
10523
10428
10111
9387
8790
8468
8219
8256
8269
8253
8421
8488
8472
8630
8673
8671
8762
8727
8744
8795
8711
8746
8842
8717
8805
8831
8764
8855
9000
9281
9040
8857
8706
8819
8795
8729
9631
11659
12967
8256
8180
8555
8637
8710
8953
9074
9117
9358
9535
9679
10032
10215
10409
10441
10174
9685
9024
8504
8279
8230
8129
8261
8316
8317
8507
8555
8636
8771
8770
8710
8785
8777
8766
8806
8767
8847
8834
8762
8868
8902
8980
9364
9075
8804
8847
8841
8852
8870
9650
11527
12560
8088
8114
8675
8681
8852
8989
9024
9238
9396
9523
9835
10064
10313
10506
10418
10264
9767
9013
8551
8356
8160
8276
8278
8216
8331
8440
8470
8643
8677
8734
8836
8806
8827
8872
8770
8840
8858
8805
9293
9141
8815
8740
8742
8659
8793
8945
10767
12800
9876
8005
8535
8543
8654
8831
8923
9130
9276
9472
9712
9972
10160
10400
10426
10279
9937
9269
8698
8531
8280
8259
8428
8368
8506
8575
8550
8695
8736
8685
8862
8829
8763
8906
8830
8866
8921
8876
9287
9114
8854
8763
8820
8762
8810
9189
11141
13103
9309
8095
8612
8655
8719
8926
8949
9112
9317
9466
9704
10042
10250
10470
10527
10228
9818
9156
8582
8402
8301
8228
8361
8313
8378
8549
8525
8644
8765
8688
8795
8802
8715
8838
8853
8782
8885
8835
8800
9317
9274
8979
8867
8817
8853
8924
8821
10253
12599
12382
8074
8501
8606
8740
8821
8896
9164
9274
9433
9722
9929
10183
10537
10557
10491
10222
9463
8896
8504
8275
8335
8351
8316
8440
8517
8539
8728
8755
8745
8817
8747
8789
8835
8733
8813
8843
8816
8856
8850
8768
8864
8851
9182
9310
8979
8776
8873
8820
8851
8867
10153
12510
12394
7926
8466
8594
8625
8788
8929
8993
9240
9399
9628
9917
10110
10404
10560
10423
10169
9566
8864
8505
8247
8176
8278
8223
8256
8472
8512
8536
8707
8686
8727
8791
8699
8755
8771
8706
8789
8807
8762
8880
8922
8795
9006
9310
9092
8967
8803
8796
8848
8721
9292
11357
12616
8702
8062
8480
8702
8773
8839
9012
9090
9209
9506
9645
9904
10176
10251
10344
10217
9683
9063
8513
8160
8140
8140
8056
8214
8277
8345
8530
8590
8688
8811
8768
8807
8884
8720
8807
8909
8817
8898
8916
8955
9384
9150
8868
8790
8825
8835
8912
9262
11209
12767
9063
8185
8694
8656
8884
9052
9108
9345
9415
9527
9821
10052
10259
10528
10441
10289
9881
9147
8693
8425
8253
8345
8388
8373
8526
8536
8557
8734
8782
8806
8909
8882
8883
8934
8842
8916
8890
8861
8936
8979
8839
9176
9374
9041
8964
8885
8850
8983
8826
9847
11881
12782
8157
8437
8599
8686
8803
8862
9060
9265
9305
9601
9794
10074
10422
10510
10431
10313
9622
8990
8621
8241
8277
8334
8315
8394
8521
8525
8659
8712
8729
8852
8822
8796
8867
8788
8810
8936
8811
8861
8937
8863
9257
9298
8999
8870
8853
8825
8961
8829
10080
12387
12569
7989
8498
8578
8708
8851
8900
9115
9282
9358
9651
9891
10129
10407
10498
10475
10234
9552
8931
8553
8275
8284
8312
8276
8382
8508
8468
8613
8673
8637
8782
8772
8688
8766
8651
8681
8765
8741
8764
8821
8743
8779
8837
8786
8972
9371
9033
8925
8762
8751
8880
8788
9360
11507
13231
8673
8249
8496
8591
8751
8812
9024
9145
9237
9522
9742
9944
10285
10425
10407
10310
9813
9166
8678
8309
8304
8275
8219
8367
8439
8425
8627
8732
8738
8823
8785
8786
8840
8781
8764
8786
8729
8796
8896
8810
8922
8943
8874
9310
9219
8953
8896
8878
8835
8942
9002
10685
12704
10213
8004
8605
8644
8844
8970
9042
9204
9374
9472
9744
9939
10164
10450
10479
10364
10052
9305
8744
8430
8206
8211
8264
8199
8360
8375
8461
8649
8694
8728
8854
8801
8785
8828
8710
8795
8840
8796
8843
8903
8851
9340
9105
8852
8880
8823
8864
8878
9261
11071
12858
9123
8070
8639
8647
8802
8923
8995
9197
9358
9436
9776
9997
10172
10462
10460
10283
9896
9165
8674
8451
8272
8291
8376
8304
8494
8536
8482
8679
8724
8726
8871
8799
8780
8882
8807
8834
8876
8776
8828
8928
8845
9215
9365
9001
8874
8855
8858
8957
8881
10129
12272
12518
8032
8512
8580
8658
8851
8893
8992
9160
9243
9547
9758
10008
10317
10396
10286
10103
9468
8755
8462
8200
8157
8209
8214
8299
8429
8441
8558
8624
8638
8717
8729
8709
8818
8782
8738
8836
8799
8802
8864
8817
8885
8931
9195
9288
9036
8796
8851
8867
8846
8884
10250
12417
12416
8047
8503
8656
8614
8823
8994
9047
9250
9445
9583
9931
10165
10361
10609
10520
10163
9636
8927
8534
8348
8191
8273
8335
8307
8486
8540
8561
8734
8804
8748
8847
8788
8737
8847
8798
8787
8856
8810
8833
8909
8832
8918
8956
8843
9343
9292
9020
8926
8883
8839
8961
8960
10515
12823
11457
8089
8564
8567
8781
8865
8883
9083
9213
9333
9657
9885
10046
10403
10421
10320
10081
9396
8758
8387
8103
8129
8199
8184
8359
8434
8418
8555
8662
8601
8722
8701
8619
8739
8682
8660
8745
8709
8770
8793
8710
8775
8860
8763
8949
9249
9149
9052
8812
8819
8890
8847
8951
10577
12272
10769
7956
8442
8685
8789
8812
9032
9155
9234
9496
9677
9868
10209
10424
10458
10413
10012
9426
8853
8398
8258
8223
8139
8241
8304
8279
8473
8519
8599
8741
8761
8774
8855
8784
8790
8842
8760
8807
8842
8808
8928
9171
9260
9080
8866
8768
8916
8898
8799
9958
11894
12752
8182
8334
8634
8703
8746
8974
9107
9148
9412
9621
9795
10138
10381
10485
10562
10246
9676
9046
8527
8340
8278
8248
8330
8412
8342
8536
8606
8651
8756
8759
8710
8816
8812
8804
8830
8779
8800
8867
8801
8900
8951
8863
9322
9321
8970
8924
8910
8848
8971
8940
10370
12560
12208
8141
8654
8717
8835
8967
9049
9269
9409
9533
9859
10076
10273
10591
10666
10623
10351
9634
8998
8577
8309
8354
8416
8356
8511
8552
8570
8719
8734
8712
8848
8808
8776
8896
8843
8860
8913
8839
8891
8931
8887
8943
8987
8963
9160
9483
9165
9053
8879
8864
8975
8810
9589
11695
13139
8548
8384
8548
8672
8814
8877
9114
9221
9372
9600
9809
10065
10397
10483
10530
10384
9848
9155
8696
8288
8246
8250
8198
8354
8391
8385
8554
8599
8602
8731
8666
8659
8728
8672
8696
8766
8650
8802
8786
8767
8834
8826
8757
8905
8874
8897
9218
9412
9067
8944
8816
8865
8900
8763
9771
11774
12803
8229
8291
8572
8727
8793
8893
9085
9176
9344
9565
9754
9995
10326
10399
10450
10281
9708
9085
8568
8214
8232
8197
8162
8313
8324
8366
8588
8606
8680
8817
8658
8725
8706
8632
8707
8695
8664
8786
8731
8746
8806
8827
8810
8992
9025
9351
9198
8866
8857
8900
8832
8850
9743
11456
12586
8393
8232
8690
8696
8802
9033
9028
9177
9449
9558
9861
10103
10276
10559
10587
10294
9864
9194
8595
8410
8262
8220
8335
8306
8386
8535
8538
8673
8825
8765
8858
8893
8808
8853
8823
8790
8880
8859
8826
8926
8931
8859
8982
9357
9253
9048
8822
8954
8991
8892
9101
10805
12664
10899
8198
8584
8757
8832
8918
9135
9145
9375
9560
9707
10013
10278
10463
10618
10564
10126
9540
8827
8380
8314
8203
8228
8301
8312
8419
8570
8550
8685
8748
8686
8813
8819
8693
8788
8798
8744
8810
8818
8857
8882
8832
8938
8972
9373
9184
9060
8793
8892
8903
8845
9109
11022
12932
10377
8126
8491
8648
8720
8833
9037
9108
9288
9522
9634
9964
10278
10422
10576
10475
9995
9413
8774
8318
8288
8235
8227
8325
8345
8403
8601
8522
8709
8726
8684
8782
8749
8692
8796
8753
8701
8831
8806
8780
8848
8819
8833
8917
8862
8924
9363
9198
9038
8831
8759
8858
8845
8792
10475
12642
11632
8077
8404
8552
8673
8757
8932
9108
9133
9392
9636
9809
10156
10376
10420
10444
10076
9447
8883
8404
8185
8183
8141
8278
8315
8347
8492
8609
8669
8744
8724
8678
8735
8733
8656
8781
8707
8717
8807
8782
8870
8905
8817
9258
9178
8826
8840
8846
8844
8871
9180
11072
12687
9329
7978
8643
8660
8816
8986
8982
9228
9421
9484
9826
10076
10310
10582
10615
10449
10077
9325
8673
8433
8205
8253
8244
8224
8385
8482
8531
8669
8780
8789
8878
8875
8809
8892
8831
8805
8890
8763
8895
8969
8998
9364
9137
8868
8807
8847
8812
8879
9254
11260
12991
9304
8217
8680
8654
8802
8990
9076
9195
9406
9509
9792
10050
10256
10559
10631
10409
10004
9220
8629
8366
8200
8236
8314
8276
8375
8484
8486
8610
8762
8704
8816
8788
8742
8800
8795
8747
8832
8799
8830
8900
8829
9244
9296
8969
8808
8859
8847
8884
8831
10327
12684
12289
8026
8520
8570
8617
8819
8906
9079
9232
9309
9601
9917
10092
10439
10585
10467
10213
9579
8799
8516
8242
8183
8278
8269
8303
8475
8459
8602
8702
8649
8710
8794
8692
8800
8779
8696
8811
8811
8782
8850
8837
8843
8910
9264
9229
9021
8746
8852
8915
8829
8889
10449
12778
12185
8018
8450
8595
8598
8714
8971
9067
9263
9457
9620
9878
10200
10400
10587
10523
10119
9583
8854
8404
8322
8198
8188
8273
8316
8395
8517
8509
8655
8727
8627
8781
8784
8684
8763
8768
8727
8809
8851
8778
8894
8832
8829
8874
8837
9221
9315
8953
8846
8842
8801
8875
8902
10328
12380
11828
7838
8416
8625
8680
8913
8958
9093
9272
9335
9613
9864
10059
10405
10482
10381
10223
9551
8851
8482
8234
8191
8255
8214
8318
8443
8443
8599
8724
8716
8827
8876
8837
8865
8795
8761
8882
8822
8841
8894
8877
8873
9191
9327
9060
8905
8819
8913
8939
8816
9978
12074
12745
8135
8419
8666
8831
8905
9019
9181
9278
9456
9684
9878
10212
10472
10531
10605
10366
9661
9096
8549
8265
8303
8271
8258
8425
8404
8441
8629
8678
8765
8825
8772
8846
8900
8771
8839
8827
8766
8850
8833
8838
8953
8856
8870
8924
9139
9370
9135
8855
8850
8850
8833
8827
9981
11994
13218
8237
8308
8653
8635
8756
9000
9052
9195
9437
9555
9856
10187
10328
10573
10588
10275
9813
9086
8529
8358
8232
8177
8279
8325
8393
8566
8528
8642
8728
8631
8734
8782
8675
8765
8767
8714
8821
8780
8757
8852
8810
8841
8941
8915
9413
9285
8982
8864
8930
8874
8923
9063
10821
13083
10931
8060
8565
8599
8664
8872
8957
9103
9338
9440
9693
9953
10162
10472
10611
10437
10114
9453
8790
8454
8232
8136
8260
8231
8334
8475
8496
8581
8740
8669
8769
8800
8781
8806
8837
8769
8848
8846
8820
8890
8844
8868
8883
8869
8914
8963
9300
9303
9099
8815
8902
8876
8854
9125
10857
12708
10832
8049
8515
8753
8751
8871
9090
9143
9316
9500
9660
9913
10198
10403
10590
10443
10033
9491
8804
8371
8281
8164
8214
8294
8262
8357
8507
8529
8702
8764
8735
8859
8829
8712
8798
8800
8748
8852
8820
8769
8863
8829
8876
9340
9109
8954
8851
8829
8878
8894
9099
11072
12660
9819
8122
8597
8699
8817
8885
9063
9229
9294
9514
9738
9955
10302
10477
10465
10466
10053
9261
8765
8399
8219
8275
8302
8276
8405
8448
8546
8678
8656
8806
8870
8776
8855
8850
8759
8826
8809
8772
8936
8840
8839
8927
9089
9353
9118
8870
8851
8927
8892
8840
9743
11806
13199
8321
8338
8658
8710
8758
8960
9049
9187
9402
9561
9834
10140
10319
10614
10585
10287
9858
9148
8558
8383
8225
8190
8339
8328
8420
8563
8562
8669
8719
8706
8798
8746
8701
8786
8785
8718
8805
8825
8752
8867
8829
8811
8946
9352
9137
9012
8803
8876
8877
8809
9080
11158
13131
10176
8187
8502
8698
8735
8862
9026
9124
9259
9537
9646
9941
10282
10418
10550
10483
9951
9327
8680
8285
8172
8024
8157
8282
8303
8287
8461
8468
8555
8662
8576
8606
8672
8570
8628
8669
8537
8676
8724
8705
8761
8678
8709
8819
9161
9236
9060
8781
8831
8851
8721
8842
10254
12220
12180
7972
8319
8654
8722
8758
8993
9055
9221
9481
9570
9848
10159
10312
10521
10499
10149
9634
8888
8405
8268
8111
8134
8251
8221
8292
8442
8484
8576
8684
8648
8728
8721
8653
8743
8748
8679
8845
8830
8780
8912
9174
9192
9063
8790
8824
8854
8829
8847
10171
12106
12358
8016
8347
8773
8789
8880
9117
9191
9280
9551
9711
9941
10271
10454
10601
10585
10217
9666
9046
8486
8353
8292
8283
8343
8386
8427
8587
8699
8724
8844
8840
8815
8866
8830
8839
8880
8776
8854
8918
8820
8972
8945
8926
9437
9164
8965
8912
8887
8897
8924
9047
10995
13052
10264
8123
8569
8587
8750
8863
8900
9154
9271
9396
9694
9937
10227
10508
10531
10394
10129
9315
8732
8419
8163
8250
8248
8245
8449
8458
8476
8671
8669
8661
8793
8738
8783
8803
8736
8783
8857
8783
8849
8862
8839
8952
8980
9380
9332
9166
8961
8907
8919
8847
9008
10693
13031
11495
8067
8580
8658
8656
8882
9009
9088
9342
9492
9641
9972
10258
10466
10611
10477
10101
9452
8738
8352
8220
8113
8194
8238
8289
8340
8460
8473
8625
8651
8628
8742
8736
8694
8739
8688
8728
8777
8729
8811
8821
8787
8836
8857
8804
9306
9268
9044
8917
8828
8814
8861
8902
10492
12505
11472
7985
8542
8694
8788
8918
8992
9162
9295
9384
9714
9919
10159
10484
10583
10495
10280
9583
8886
8561
8233
8275
8292
8254
8335
8477
8484
8690
8727
8717
8843
8804
8763
8828
8787
8756
8800
8776
8831
8884
8821
8928
8928
9027
9437
9146
8867
8941
8896
8872
8852
9659
11705
13194
8436
8363
8725
8659
8870
8977
9078
9292
9458
9583
9918
10185
10393
10697
10717
10433
10005
9192
8667
8446
8254
8330
8333
8269
8421
8525
8509
8703
8735
8682
8795
8743
8718
8801
8743
8807
8828
8802
8829
8907
8780
8873
9287
9194
9064
8817
8752
8883
8830
8744
10255
12488
12767
8119
8427
8524
8669
8741
8917
9065
9151
9406
9629
9859
10236
10468
10601
10661
10310
9605
9018
8421
8216
8177
8158
8225
8338
8322
8454
8583
8545
8690
8702
8660
8742
8716
8628
8780
8726
8736
8768
8755
8798
8859
8796
8850
8953
9295
9169
8953
8729
8848
8858
8803
9246
11300
13086
9504
8079
8558
8696
8701
8887
9041
9089
9304
9505
9616
9999
10225
10389
10496
10364
9934
9305
8659
8326
8168
8067
8158
8237
8255
8429
8510
8572
8684
8719
8684
8798
8763
8670
8803
8751
8752
8848
8771
8771
8859
8815
8840
9316
9116
8954
8835
8763
8858
8834
8920
10713
12468
10692
8086
8495
8673
8828
8884
9044
9253
9324
9549
9780
9944
10307
10520
10527
10527
10119
9392
8861
8405
8227
8272
8228
8261
8392
8387
8561
8699
8715
8854
8866
8828
8918
8928
8843
8938
8839
8838
8928
8894
8921
8969
8893
9198
9425
9073
8961
8895
8845
8942
8870
9973
12132
13076
8250
8526
8653
8727
8897
8965
9099
9334
9381
9623
9890
10067
10408
10600
10473
10345
9736
9017
8610
8279
8126
8277
8214
8295
8448
8488
8563
8707
8676
8744
8782
8718
8875
8806
8741
8862
8828
8814
8917
8830
8889
8896
8964
9360
9137
8814
8745
8745
8682
8679
9246
11337
13197
8734
8045
8440
8438
8530
8758
8817
9007
9215
9320
9596
9946
10143
10442
10481
10211
9833
9072
8427
8239
8097
8059
8251
8209
8267
8457
8469
8572
8667
8628
8664
8745
8670
8782
8768
8755
8819
8781
8766
8913
8853
8992
9405
9090
8862
8859
8820
8878
8813
9332
11777
13426
8604
8318
8598
8619
8842
8965
9047
9328
9415
9619
9904
10155
10413
10688
10629
10460
9991
9156
8668
8313
8108
8239
8246
8201
8377
8394
8441
8658
8641
8662
8748
8659
8704
8737
8691
8770
8822
8714
8840
9183
9112
8917
8723
8705
8861
8769
8859
10536
12420
11179
7850
8375
8678
8767
8834
8991
9191
9234
9520
9670
9896
10292
10483
10586
10495
10108
9401
8844
8374
8236
8258
8192
8300
8379
8344
8577
8674
8671
8823
8818
8737
8855
8762
8792
8830
8770
8853
9179
9285
9011
8816
8754
8882
8839
8782
10117
12169
12443
8024
8390
8672
8793
8900
9034
9197
9261
9516
9758
9909
10249
10479
10517
10588
10255
9572
9024
8532
8330
8350
8309
8406
8438
8502
8602
8714
8697
8829
8888
8792
8859
8888
8772
8900
8851
8785
8933
8895
9143
9375
9005
8812
8820
8815
8851
8818
9960
12326
13009
7990
8437
8617
8574
8808
8904
9003
9267
9397
9614
9886
10117
10403
10560
10481
10212
9605
8826
8416
8189
8096
8185
8199
8260
8377
8451
8519
8665
8640
8641
8758
8696
8746
8733
8697
8742
8806
8798
8899
9336
9063
8904
8719
8741
8869
8805
9004
11126
13378
10158
8127
8476
8559
8698
8776
9010
9114
9235
9498
9737
9996
10369
10547
10624
10529
9941
9183
8639
8237
8180
8216
8176
8294
8408
8360
8540
8620
8623
8694
8696
8656
8725
8654
8700
8768
8719
8735
8846
8784
8845
8866
9144
9187
9021
8746
8855
8866
8801
8948
10373
12703
12051
7929
8444
8650
8673
8848
9002
9059
9247
9501
9600
9948
10222
10447
10639
10433
10079
9468
8752
8341
8232
8124
8204
8301
8286
8353
8498
8453
8680
8690
8685
8789
8758
8713
8795
8756
8750
8833
8769
8841
8834
8874
9302
9088
8818
8795
8824
8708
8782
9228
11263
12648
8936
8060
8680
8694
8769
8975
9008
9221
9416
9553
9817
10074
10318
10579
10584
10344
9941
9194
8597
8400
8256
8273
8386
8341
8403
8539
8533
8677
8867
8807
8894
8959
8848
8897
8889
8794
8978
8885
8882
8971
8935
8984
9029
9231
9424
9190
8955
8947
8972
8909
8889
10035
12124
13298
8225
8360
8660
8674
8805
8970
9078
9234
9484
9662
9909
10180
10388
10563
10540
10276
9734
9067
8492
8347
8160
8147
8275
8253
8369
8493
8494
8624
8691
8637
8714
8737
8651
8756
8749
8687
8762
8772
8733
8831
8794
8777
8873
8821
8919
8979
8948
9459
9256
8966
8841
8875
8859
8920
9206
11223
13459
9815
8160
8617
8588
8664
8892
8964
9131
9365
9482
9723
10034
10199
10509
10564
10398
10067
9331
8663
8449
8250
8213
8277
8269
8354
8484
8528
8599
8697
8666
8729
8786
8728
8816
8784
8720
8776
8727
8770
8848
8829
8771
8879
8815
8894
8998
9372
9187
8980
8747
8892
8927
8789
9306
11420
12977
9301
8052
8529
8632
8675
8794
8981
9071
9277
9528
9646
9989
10252
10424
10527
10362
9887
9265
8616
8255
8187
8111
8145
8279
8271
8329
8506
8511
8612
8731
8691
8815
8815
8687
8822
8772
8725
8811
8748
8769
8873
8887
9268
9079
8787
8755
8770
8743
8744
9299
11223
12659
8934
7978
8662
8699
8804
9034
9023
9198
9421
9541
9764
10133
10295
10588
10625
10345
9969
9212
8557
8319
8199
8151
8248
8270
8294
8457
8516
8631
8802
8792
8894
8915
8786
8941
8894
8805
8889
8888
8884
8999
8954
9327
9248
9010
8800
8931
8870
8888
9073
10852
13030
10630
8077
8635
8692
8734
9002
9122
9144
9383
9552
9757
10101
10321
10567
10696
10535
10126
9471
8723
8390
8269
8153
8318
8315
8301
8486
8520
8495
8708
8688
8678
8801
8746
8750
8800
8735
8774
8837
8809
8888
9204
9237
9038
8802
8704
8895
8875
8746
10154
12470
12982
8016
8327
8478
8606
8717
8887
9067
9183
9411
9638
9814
10201
10460
10537
10603
10230
9561
8944
8394
8169
8194
8140
8223
8373
8364
8490
8603
8541
8690
8680
8618
8717
8675
8646
8743
8687
8721
8814
8727
9110
9261
8897
8673
8708
8694
8813
8774
10042
12662
12608
7809
8332
8539
8551
8830
8874
9045
9246
9329
9589
9886
10078
10451
10620
10475
10258
9557
8808
8444
8176
8106
8217
8191
8252
8390
8401
8516
8674
8649
8763
8740
8657
8702
8711
8638
8757
8781
8802
8852
9157
9155
8966
8714
8767
8825
8782
8861
10266
12265
11998
7854
8262
8666
8732
8795
9049
9122
9211
9490
9619
9859
10173
10395
10511
10513
10103
9476
8850
8338
8265
8184
8171
8289
8333
8328
8544
8608
8657
8808
8771
8816
8845
8750
8791
8799
8788
8800
8866
9045
9308
9062
8732
8800
8815
8808
8795
9920
12245
13133
8046
8350
8642
8639
8826
8995
9033
9225
9428
9541
9859
10150
10367
10642
10528
10196
9661
8887
8447
8268
8159
8241
8284
8265
8387
8515
8479
8620
8717
8652
8806
8760
8709
8779
8779
8757
8860
8800
8829
9238
9182
8973
8800
8762
8879
8897
8777
10296
12867
12671
8040
8457
8555
8718
8776
8886
9117
9237
9411
9687
9902
10233
10521
10588
10550
10251
9504
8896
8441
8167
8235
8186
8258
8369
8375
8488
8625
8648
8704
8751
8712
8715
8739
8676
8723
8754
8716
8837
8788
8771
8907
8825
8867
9370
9124
8945
8852
8823
8856
8885
9061
11283
13389
9683
8185
8585
8613
8751
8899
8960
9227
9299
9474
9774
9967
10271
10548
10478
10410
9974
9196
8682
8334
8131
8185
8206
8191
8417
8408
8445
8632
8624
8657
8767
8666
8710
8728
8671
8763
8780
8663
8785
8801
8784
8903
9246
9098
8961
8786
8799
8936
8807
8926
10474
12397
11132
7986
8490
8746
8848
8891
9103
9212
9309
9558
9761
9991
10318
10534
10628
10551
10130
9521
8905
8409
8305
8295
8258
8362
8384
8459
8591
8660
8721
8863
8900
8840
8881
8812
8801
8884
8773
8885
8932
8851
9320
9249
8926
8818
8859
8824
8892
8890
10403
12741
11824
8030
8554
8599
8738
8892
8949
9156
9286
9373
9671
9943
10160
10524
10596
10463
10218
9472
8829
8516
8285
8249
8314
8317
8417
8561
8533
8702
8764
8755
8854
8824
8796
8878
8835
8771
8848
8809
8812
8902
8853
8899
9387
9076
8938
8860
8822
8885
8847
9073
11308
13331
9429
8182
8522
8559
8775
8835
8968
9181
9272
9487
9771
9960
10344
10562
10493
10440
9977
9181
8691
8312
8153
8223
8229
8276
8397
8390
8502
8626
8584
8688
8745
8664
8716
8791
8663
8801
8748
8746
8849
8817
8800
8860
8988
9327
9130
8824
8839
8919
8818
8775
9606
11913
13582
8394
8241
8655
8602
8687
8883
8977
9076
9327
9509
9721
10055
10302
10519
10496
10216
9753
9082
8440
8266
8171
8108
8209
8264
8290
8447
8456
8555
8702
8670
8666
8726
8609
8709
8734
8666
8749
8789
8713
8847
9207
9017
8868
8737
8697
8834
8751
8897
10626
12616
10550
7834
8333
8592
8713
8757
8995
9103
9174
9465
9653
9826
10199
10398
10434
10417
9908
9243
8762
8291
8209
8215
8126
8289
8339
8362
8486
8577
8631
8774
8807
8780
8817
8760
8800
8847
8791
8858
8935
8861
9105
9309
9007
8894
8826
8754
8918
8822
9653
11754
12824
8173
8312
8641
8734
8895
8991
9162
9257
9371
9635
9835
10061
10386
10536
10459
10323
9714
9009
8617
8323
8234
8285
8290
8373
8559
8524
8670
8794
8774
8831
8858
8754
8886
8801
8744
8863
8825
8828
8919
9032
9303
9095
8822
8845
8903
8805
8760
9671
11830
13322
8344
8292
8607
8615
8696
8894
8993
9125
9378
9475
9820
10141
10304
10549
10510
10220
9719
8967
8410
8276
8134
8106
8241
8246
8331
8452
8487
8561
8642
8604
8693
8753
8682
8719
8740
8666
8776
8796
8745
8860
8926
9281
9138
8848
8751
8851
8809
8794
9101
11119
13416
9864
8043
8576
8616
8596
8788
8942
9102
9289
9434
9619
10053
10194
10479
10624
10423
9944
9317
8559
8358
8242
8133
8235
8341
8271
8517
8588
8603
8718
8712
8705
8797
8678
8770
8807
8758
8818
8837
8784
8905
8872
8862
9351
9112
8821
8751
8774
8809
8879
9295
11496
13126
8841
8045
8577
8674
8813
8834
8900
9193
9336
9560
9916
10055
10248
10566
10486
10185
9583
8747
8366
8412
7965
7945
7866
7892
8088
8213
8196
8508
8332
8427
8589
8519
8415
8661
8311
8371
8377
8296
8468
8727
8702
8631
8281
8157
8289
8265
8270
9255
11432
12406
7625
7728
8126
8279
8520
8505
8830
8837
9048
9250
9490
9768
10011
10216
10476
9806
9169
8683
7859
7782
8229
7734
7571
