8744
8684
8816
8829
8668
8688
8827
8843
9045
9105
8926
8744
8697
8645
8803
10117
12337
9705
8370
8571
8518
8632
8945
9061
9103
9279
9709
10040
10115
10118
9982
9471
8729
8316
8277
8258
8130
8164
8461
8530
8450
8495
8688
8717
8593
8642
8781
9169
8506
8346
8689
8732
8963
8753
8608
8556
8541
8383
8518
10488
12462
8256
8238
8603
8479
8455
8747
9057
9144
9297
9876
10217
10278
10179
9989
9463
8854
8597
8457
8506
8519
8453
8701
8879
8848
9119
8695
8848
8792
8742
8941
9177
9014
9009
9047
9475
9188
9500
9209
9300
8927
9020
8937
9868
11845
12198
8352
8856
8873
8929
9159
9420
9498
9517
9811
10227
10778
10201
9976
9869
9124
8584
8438
8595
8515
8381
8698
8872
8784
8691
8766
8890
8702
8515
8589
8656
8604
8435
8448
8601
8903
8876
8653
8651
8663
8526
8492
9890
11967
9667
7927
8458
8550
8527
8722
9050
9218
9318
9633
10093
10267
10129
9859
9353
8679
8034
7865
8075
8142
8031
8103
8398
8543
8495
8569
8738
8770
8675
8671
8778
8857
8650
8629
8738
8878
9122
8832
8762
8814
8731
8693
9414
11767
12634
8145
8534
8635
8607
8714
9026
9227
9329
9453
9857
10183
10153
9970
9688
9092
8438
8074
8160
8264
8193
8220
8396
8559
8455
8449
8549
8674
8554
8464
8589
8662
8587
8548
8656
9028
9099
8701
8664
8806
8714
8500
9675
12375
11254
8031
8388
8552
8560
8653
8912
9216
9396
9552
9975
10326
10268
9985
9556
9020
8455
8115
8198
8352
8346
8311
8425
8653
8651
8544
8640
8775
8713
8553
8656
8783
8756
8659
8709
8853
9126
9082
8853
8822
8808
8710
8610
10112
12714
10400
8237
8607
8575
8576
8799
9099
9252
9359
9635
10129
10309
10208
10022
9597
8889
8355
8166
8310
8278
8241
8301
8560
8623
8569
8611
8792
8817
8618
8603
8760
8775
8650
8649
8792
8774
8675
8723
9245
9251
8857
8649
8866
8866
8656
10232
12320
9553
8117
8468
8684
8851
8844
8987
9312
9609
9755
10027
10387
10440
10030
9438
8931
8568
8276
8202
8354
8477
8374
8442
8699
8805
8725
8661
8791
8860
8676
8612
8804
8822
8700
8634
8778
8840
9130
9015
8905
8833
8782
8667
8746
10395
12168
9341
8334
8649
8588
8650
8906
9168
9227
9338
9724
10136
10260
10173
10043
9585
8837
8316
8249
8357
8260
8197
8419
8583
8576
8531
8651
8784
8710
8601
8683
8817
8701
8609
8685
8835
8745
8660
8803
9364
9020
8687
8708
8856
8801
8907
11146
12908
8278
8396
8558
8732
8790
8847
9074
9382
9564
9747
10116
10417
10307
9828
9210
8764
8382
8143
8211
8450
8443
8393
8481
8653
8691
8616
8674
8784
8746
8614
8617
8799
8758
8638
8686
8867
8845
8939
9161
9018
8788
8668
8693
8753
9888
12206
11293
8292
8556
8436
8634
8908
9042
9079
9263
9707
10003
10126
10219
10203
9676
8870
8396
8304
8298
8231
8256
8455
8547
8473
8513
8742
8778
8603
8612
8798
8798
8661
8639
8789
8855
8720
8738
9294
9103
8722
8681
8833
8870
9084
11162
12491
8153
8390
8558
8761
8951
8923
9083
9392
9724
9853
10056
10390
10331
9854
9094
8691
8447
8242
8158
8307
8462
8399
8398
8606
8756
8671
8581
8710
8811
8699
8627
8755
8848
8733
8987
9096
8909
8705
8630
8716
8808
10090
11973
9649
8330
8548
8492
8746
9002
9026
9113
9413
9802
9980
10112
10249
10154
9499
8704
8386
8367
8223
8152
8328
8517
8475
8449
8616
8792
8781
8613
8707
8806
8724
8641
8711
8848
8727
9053
9008
8905
8758
8650
8743
8883
10602
12553
8772
8448
8544
8510
8730
9014
9127
9151
9417
9850
10109
10172
10234
10080
9380
8624
8367
8317
8303
8202
8315
8516
8530
8458
8546
8752
8745
8583
8648
8803
8761
8611
8648
8812
8786
8748
9199
9063
8795
8641
8711
8807
9084
11204
12841
8210
8485
8421
8543
8834
8958
8966
9173
9622
9928
10074
10213
10304
9885
9038
8480
8352
8283
8151
8167
8407
8491
8419
8446
8648
8717
8597
8580
8735
8733
8581
8579
8723
8753
8604
8597
9078
9172
8748
8557
8785
8840
8625
9919
12338
10567
8072
8403
8674
8787
8820
8991
9275
9576
9664
9933
10296
10374
10073
9506
9002
8625
8267
8160
8352
8455
8354
8377
8669
8776
8748
8704
8855
8866
8715
8661
8757
8859
8751
8649
8808
8927
9202
8881
8767
8817
8718
8596
9015
11110
12433
8032
8394
8679
8663
8707
8988
9190
9281
9451
9834
10206
10264
10120
9871
9328
8661
8262
8276
8409
8325
8258
8390
8593
8572
8558
8653
8744
8665
8541
8669
8758
8625
8568
8668
8812
8732
8762
9201
8986
8656
8570
8727
8749
9281
11382
12551
8226
8469
8421
8616
8919
8988
8986
9311
9656
9869
10036
10300
10354
9824
8994
8549
8393
8278
8162
8268
8507
8487
8427
8520
8696
8706
8595
8655
8788
8758
8592
8680
8817
8767
8611
9052
9215
8898
8636
8718
8865
8688
10001
12595
10184
8283
8388
8459
8758
8883
8911
9147
9530
9738
9909
10202
10417
10145
9443
8814
8497
8304
8139
8190
8388
8417
8371
8513
8670
8685
8561
8614
8754
8739
8623
8604
8801
8750
8675
8619
9078
9209
8776
8615
8796
8806
8574
9782
12319
10899
7932
8379
8589
8728
8757
8928
9234
9450
9570
9901
10283
10349
10049
9507
9019
8578
8227
8175
8346
8374
8311
8346
8584
8688
8664
8621
8797
8798
8683
8665
8828
8817
8721
8692
9117
9218
8798
8616
8800
8879
8655
9897
11908
10383
8024
8449
8641
8780
8826
8914
9244
9484
9575
9837
10217
10391
10023
9438
8904
8532
8182
8129
8289
8363
8330
8310
8571
8677
8642
8615
8781
8870
8727
8646
8741
8841
8714
8613
8819
9335
8971
8642
8771
8864
8713
8826
11106
12878
8266
8313
8574
8733
8785
8832
9127
9401
9509
9718
10153
10402
10244
9805
9336
8785
8330
8153
8259
8375
8336
8317
8488
8652
8604
8537
8691
8830
8686
8607
8696
8795
8705
8632
8813
9001
9290
8881
8767
8885
8757
8628
9223
11683
12863
8024
8444
8573
8579
8662
8930
9193
9335
9418
9847
10270
10330
10134
9792
9241
8592
8169
8183
8332
8268
8263
8401
8604
8596
8520
8644
8786
8722
8616
8724
8876
8761
8680
8738
8874
8812
9000
9173
8934
8703
8607
8715
8721
10018
12449
10477
8302
8495
8432
8618
8909
8977
9027
9314
9729
10005
10143
10252
10229
9621
8787
8397
8330
8232
8111
8277
8446
8519
8442
8586
8770
8779
8595
8665
8799
8726
8570
8651
8834
8753
8636
8963
9208
8858
8586
8681
8817
8707
9893
12006
10445
8152
8502
8572
8827
8994
8967
9167
9540
9789
9982
10272
10471
10230
9575
8890
8557
8331
8178
8209
8389
8434
8379
8487
8691
8730
8641
8647
8799
8785
8580
8634
8791
8770
8635
8692
8858
9320
8992
8726
8803
8822
8719
8679
10771
13032
8886
8185
8604
8599
8589
8754
9051
9209
9326
9606
10068
10323
10190
9949
9514
8816
8249
8042
8225
8259
8167
8212
8477
8622
8558
8580
8751
8792
8582
8574
8727
8716
8586
8593
8749
8809
8679
8815
9320
9048
8676
8607
8792
8752
9131
11517
13131
8239
8335
8377
8681
8831
8813
8966
9323
9612
9792
10014
10343
10223
9721
9011
8633
8343
8136
8149
8345
8469
8390
8437
8647
8727
8656
8623
8793
8792
8705
8600
8786
8843
8709
8641
8810
8885
8765
8757
9388
9191
8805
8663
8866
8939
8872
11024
13414
8713
8440
8512
8676
8875
8893
9013
9318
9614
9765
10005
10323
10366
9923
9278
8818
8499
8255
8176
8339
8430
8387
8413
8642
8722
8627
8567
8734
8759
8650
8554
8707
8785
8676
8590
8782
8876
9185
8986
8897
8858
8781
8703
8860
10601
12343
8892
8249
8725
8698
8713
9027
9222
9239
9356
9800
10220
10308
10230
10105
9572
8828
8303
8303
8358
8252
8220
8417
8582
8548
8557
8753
8868
8756
8644
8769
8810
8683
8614
8745
8823
8755
8699
8823
8969
9276
8924
8793
8845
8768
8668
9064
11337
12910
8146
8396
8604
8577
8659
8878
9174
9242
9390
9773
10180
10235
10099
9891
9372
8669
8221
8225
8329
8287
8237
8415
8568
8547
8559
8687
8804
8676
8565
8679
8760
8639
8583
8732
8798
8747
8637
9141
9217
8871
8582
8761
8892
8618
10015
12653
10610
8297
8393
8549
8749
8834
8862
9169
9501
9668
9873
10233
10390
10086
9479
8897
8574
8265
8081
8235
8403
8372
8297
8473
8626
8583
8504
8634
8739
8666
8531
8667
8813
8731
8662
8761
8892
8830
8708
9068
9330
8991
8657
8844
8933
8721
9868
12369
11263
8204
8446
8570
8797
8899
8939
9128
9499
9661
9884
10186
10406
10155
9564
9020
8642
8307
8128
8233
8413
8417
8348
8489
8693
8671
8593
8709
8824
8750
8560
8634
8800
8714
8616
8715
8857
8826
8711
9209
9183
8887
8695
8775
8903
8988
10709
12514
8626
8411
8513
8606
8896
8976
9002
9251
9621
9859
10024
10275
10414
10068
9296
8694
8471
8305
8186
8256
8423
8405
8371
8488
8708
8705
8605
8649
8816
8731
8579
8629
8779
8767
8609
8679
8871
8834
8889
9244
9062
8828
8689
8792
8844
9635
11665
12345
8305
8549
8460
8638
8917
8994
9016
9242
9661
9915
10054
10239
10315
9807
9007
8514
8370
8238
8144
8208
8429
8466
8403
8522
8688
8707
8595
8663
8809
8766
8610
8644
8794
8804
8646
8734
8883
8958
9234
8935
8870
8808
8678
8716
9276
11552
12897
8180
8530
8601
8531
8717
8985
9175
9189
9481
9921
10226
10268
10198
9985
9327
8598
8246
8322
8321
8204
8300
8503
8558
8486
8570
8767
8744
8613
8644
8792
8788
8628
8633
8823
8808
8688
8726
8883
9035
9167
8883
8825
8877
8762
8661
9747
11975
11908
8007
8520
8629
8570
8739
9044
9191
9238
9505
10004
10250
10225
10097
9847
9175
8501
8203
8303
8318
8186
8242
8452
8561
8482
8565
8743
8749
8607
8581
8729
8760
8574
8610
8767
8807
8687
8644
9341
9125
8727
8596
8809
8848
8777
10718
12322
8565
8258
8479
8698
8867
8865
9018
9317
9567
9685
10020
10395
10383
10010
9325
8859
8483
8198
8198
8411
8389
8314
8356
8583
8717
8665
8649
8857
8838
8703
8601
8761
8810
8683
8620
8794
8833
9141
8995
8883
8801
8684
8653
8717
10587
12740
9221
8378
8557
8492
8604
8883
9097
9119
9286
9717
10064
10238
10205
10132
9591
8785
8299
8265
8305
8234
8220
8450
8553
8482
8508
8693
8802
8698
8638
8791
8829
8702
8653
8806
8836
8696
8663
8820
8876
9257
8961
8908
8846
8766
8728
8871
11183
13343
8596
8491
8611
8530
8601
8854
9084
9181
9335
9755
10151
10227
10142
10010
9491
8755
8319
8282
8332
8255
8221
8432
8558
8514
8506
8657
8748
8660
8575
8688
8755
8631
8526
8704
8794
8723
8669
8779
8962
9252
8882
8781
8870
8782
8617
9339
11843
12749
8004
8443
8669
8613
8686
8922
9131
9227
9406
9834
10221
10294
10066
9884
9275
8566
8176
8157
8217
8160
8108
8333
8535
8500
8453
8636
8769
8665
8573
8702
8789
8672
8628
8728
8864
8737
8681
8978
9304
8890
8611
8797
8889
8750
9694
11645
11372
8076
8412
8597
8823
8874
8858
9170
9429
9654
9805
10224
10435
10230
9672
9092
8661
8304
8122
8241
8405
8368
8278
8476
8698
8682
8598
8677
8822
8721
8609
8682
8829
8712
8633
8732
8859
8819
9141
8992
8842
8702
8641
8698
9169
11317
12772
8251
8545
8560
8554
8781
9027
9106
9194
9494
9927
10110
10163
10218
10049
9328
8608
8306
8333
8285
8201
8317
8543
8544
8464
8602
8786
8742
8587
8674
8809
8754
8628
8726
8884
8802
8672
8770
9233
9236
8826
8676
8882
8819
8594
9972
12619
11201
8139
8442
8617
8676
8682
8908
9197
9388
9501
9866
10313
10344
10081
9604
9094
8515
8116
8101
8258
8264
8221
8343
8542
8552
8468
8586
8706
8679
8521
8555
8712
8701
8596
8627
8799
8767
8686
9002
9352
9010
8632
8733
8843
8680
9821
12470
11411
8219
8364
8492
8772
8848
8922
9084
9462
9644
9831
10155
10343
10200
9597
8930
8553
8268
8043
8183
8343
8399
8307
8444
8649
8699
8593
8653
8770
8781
8575
8647
8793
8730
8614
8660
8855
8823
9036
9118
8995
8850
8706
8717
8806
10174
12017
10386
8251
8622
8532
8693
9015
9144
9142
9376
9774
10077
10224
10303
10295
9743
8942
8424
8343
8240
8142
8200
8408
8437
8433
8540
8755
8782
8690
8664
8788
8785
8621
8631
8837
8797
8662
8679
8863
8888
8721
9077
9273
9019
8668
8722
8892
8743
9919
12372
11466
8353
8450
8477
8778
8901
8925
9081
9471
9760
9914
10128
10416
10252
9642
8953
8565
8332
8123
8124
8323
8377
8298
8386
8608
8667
8546
8547
8736
8725
8608
8576
8712
8722
8609
8605
8761
8787
8677
8660
9276
9106
8708
8547
8796
8786
8666
10675
13273
8999
8270
8306
8530
8702
8708
8850
9191
9440
9607
9910
10316
10359
9984
9334
8842
8450
8110
8041
8264
8330
8289
8295
8536
8625
8543
8545
8746
8813
8623
8600
8753
8777
8652
8636
8800
8845
8707
8690
8889
8981
8868
8892
9444
9228
8849
8741
8942
8933
9206
11569
13443
8291
8375
8341
8622
8828
8811
8930
9249
9537
9740
9958
10299
10257
9851
9196
8708
8383
8137
8070
8270
8416
8336
8327
8574
8677
8593
8575
8761
8810
8673
8594
8740
8801
8681
8636
8790
8885
8737
8734
8902
8997
8859
9232
9180
9010
8786
8805
8900
8982
10690
12453
9080
8364
8596
8569
8816
9062
9051
9156
9484
9860
10018
10145
10333
10204
9532
8788
8458
8328
8180
8134
8295
8417
8373
8385
8634
8752
8680
8650
8773
8840
8699
8633
8759
8822
8678
8605
8773
8909
8794
8943
9238
9040
8744
8706
8862
8858
9680
11785
12097
8313
8488
8410
8656
8890
8913
8995
9328
9656
9839
10029
10304
10329
9818
9033
8575
8387
8188
8109
8327
8411
8375
8372
8537
8701
8665
8583
8726
8820
8692
8636
8743
8791
8691
8628
8733
8854
9085
9093
8923
8800
8739
8675
8647
10016
12359
11257
8182
8579
8505
8527
8794
9027
9122
9200
9566
9993
10206
10183
10177
9789
9008
8345
8188
8245
8196
8111
8321
8538
8488
8415
8595
8712
8662
8564
8673
8775
8699
8610
8697
8845
8772
8726
8768
9087
9322
8890
8762
8858
8791
8637
9539
12060
12342
7999
8398
8619
8619
8670
8894
9188
9313
9466
9847
10308
10407
10175
9874
9296
8608
8159
8124
8284
8255
8176
8369
8560
8546
8551
8640
8787
8705
8554
8641
8774
8718
8576
8667
8811
8765
9070
9026
8923
8746
8680
8747
8909
10651
12253
8835
8396
8660
8606
8797
9081
9125
9168
9436
9879
10140
10259
10356
10273
9630
8829
8403
8336
8268
8171
8266
8449
8436
8410
8554
8769
8708
8600
8675
8787
8760
8598
8678
8852
8803
8637
8731
9309
9073
8721
8644
8853
8807
8724
10892
13058
8648
8313
8477
8710
8788
8789
8988
9327
9529
9630
10039
10394
10370
9982
9379
8890
8437
8122
8162
8321
8383
8320
8439
8654
8666
8581
8603
8755
8729
8607
8618
8762
8732
8587
8606
8806
8775
9163
8929
8851
8765
8625
8671
8811
10941
13019
8524
8392
8518
8462
8582
8905
9062
9092
9348
9777
10101
10190
10202
10066
9453
8657
8249
8236
8231
8141
8223
8453
8516
8420
8515
8649
8657
8516
8525
8703
8724
8584
8596
8765
8796
8693
8940
9235
8942
8608
8624
8859
8788
9902
12100
11074
8198
8469
8534
8818
8938
8971
9156
9493
9731
9976
10250
10505
10371
9741
9011
8595
8370
8164
8151
8330
8418
8380
8371
8639
8738
8605
8571
8721
8792
8613
8597
8769
8799
8681
8687
8838
8880
8779
8789
9376
9151
8717
8651
8888
8844
9090
11384
13010
8321
8409
8460
8683
8858
8877
8965
9327
9579
9772
10022
10321
10343
9907
9182
8799
8445
8187
8140
8264
8397
8343
8351
8623
8701
8598
8567
8751
8801
8652
8570
8725
8798
8658
8592
8784
8802
8747
8666
9352
9168
8781
8617
8773
8855
8755
10871
13375
8828
8334
8326
8586
8776
8835
8930
9269
9554
9725
9972
10341
10413
10055
9386
8883
8541
8216
8140
8307
8428
8382
8379
8545
8671
8609
8563
8706
8789
8642
8585
8700
8793
8713
8611
8767
8872
8796
9149
8989
8844
8677
8655
8748
9227
11522
12739
8066
8491
8508
8547
8769
8999
9065
9171
9519
9926
10132
10209
10327
10099
9305
8555
8326
8270
8171
8138
8287
8435
8381
8414
8577
8775
8685
8578
8659
8787
8699
8582
8705
8818
8722
8636
8787
8902
8744
8739
8825
9184
9338
8938
8827
8903
8844
8636
9747
12230
12317
8034
8444
8603
8644
8699
8931
9251
9397
9505
9912
10283
10333
10085
9857
9317
8628
8222
8218
8348
8303
8287
8472
8648
8641
8602
8720
8852
8733
8647
8733
8877
8729
8651
8692
8843
8771
8660
8803
8970
9022
9217
8974
8879
8769
8684
8729
9504
11967
12955
8166
8569
8481
8479
8701
8987
9087
9191
9467
9956
10206
10230
10196
10019
9270
8542
8229
8253
8216
8128
8256
8475
8467
8356
8470
8707
8651
8568
8625
8737
8676
8569
8627
8786
8731
8597
8654
8805
8981
9102
8839
8747
8698
8645
8600
9716
12184
11952
8008
8485
8510
8486
8726
9023
9122
9227
9535
9986
10222
10258
10158
9919
9210
8466
8190
8270
8287
8131
8227
8457
8526
8475
8500
8741
8749
8579
8614
8707
8703
8570
8617
8782
8746
8632
8667
8849
8836
8747
8921
9338
9044
8679
8747
8918
8833
9601
11922
12641
8191
8368
8432
8749
8837
8861
9035
9423
9651
9850
10146
10493
10374
9876
9194
8725
8431
8139
8124
8316
8386
8290
8382
8638
8727
8641
8667
8767
8808
8653
8615
8739
8773
8604
8619
8778
8849
8730
9080
9242
8997
8641
8693
8845
8727
10118
12836
10548
8292
8303
8309
8599
8815
8833
8983
9397
9671
9910
10150
10384
10258
9592
8863
8477
8291
8053
8072
8282
8395
8328
8373
8583
8690
8615
8565
8709
8777
8627
8593
8751
8794
8694
8593
9049
9230
8832
8611
8802
8825
8585
9758
12717
11700
8119
8318
8500
8703
8757
8858
9160
9420
9592
9854
10278
10470
10209
9648
9031
8592
8170
8017
8191
8276
8252
8270
8485
8633
8542
8505
8640
8749
8629
8567
8682
8739
8632
8582
8705
8779
8973
9053
8921
8794
8714
8706
8704
10087
12217
10791
8121
8611
8540
8583
8791
9043
9137
9236
9640
10046
10254
10271
10279
9906
9085
8399
8257
8296
8215
8147
8375
8538
8502
8479
8672
8805
8790
8650
8783
8835
8729
8650
8772
8872
8914
9140
8954
8838
8737
8648
8728
9413
11650
12480
8089
8525
8508
8531
8784
9059
9130
9195
9563
9959
10193
10268
10288
10016
9199
8464
8259
8305
8261
8161
8292
8525
8473
8480
8609
8806
8764
8636
8703
8803
8740
8616
8670
8836
8769
8958
9165
8980
8744
8670
8743
8738
9994
12497
11065
8300
8479
8405
8566
8865
8959
9017
9332
9735
10009
10153
10328
10318
9778
8883
8388
8294
8199
8088
8237
8444
8444
8412
8482
8696
8651
8499
8607
8728
8677
8576
8652
8808
8757
8636
8657
8830
8808
9171
8970
8877
8752
8654
8728
8896
11000
12949
8561
8384
8511
8460
8629
8941
9087
9132
9393
9827
10126
10212
10290
10207
9631
8769
8318
8294
8271
8183
8247
8466
8479
8402
8509
8747
8747
8590
8658
8745
8790
8624
8584
8792
8759
8642
8667
8843
8844
8742
9123
9186
8923
8644
8669
8878
8825
10439
12855
9747
8351
8438
8441
8752
8926
8923
9089
9508
9786
9958
10212
10447
10252
9621
8897
8584
8373
8122
8179
8342
8434
8371
8427
8652
8784
8633
8634
8788
8816
8696
8632
8755
8822
8639
8615
8806
8876
8740
8800
9365
9128
8762
8628
8821
8882
9129
11569
13643
8324
8356
8339
8619
8806
8819
8965
9371
9619
9800
10042
10379
10339
9931
9199
8774
8395
8130
8077
8238
8367
8309
8317
8547
8650
8569
8514
8658
8718
8597
8533
8688
8752
8604
8566
8726
8771
8687
8632
8780
8944
9239
8847
8740
8817
8723
8573
9482
12120
12860
7986
8418
8527
8533
8584
8879
9148
9276
9431
9896
10213
10288
10158
9926
9370
8632
8183
8208
8321
8217
8179
8418
8550
8498
8461
8613
8750
8646
8604
8678
8786
8711
8564
8717
8857
8724
8664
8787
8890
8785
8735
9074
9406
9030
8720
8821
8984
8775
9678
12173
12415
8118
8308
8526
8747
8801
8836
9136
9445
9570
9738
10229
10469
10312
9833
9262
8786
8337
8149
8244
8366
8357
8302
8467
8647
8637
8615
8733
8804
8699
8622
8695
8811
8706
8594
8698
8824
8748
8641
8750
8906
8916
9191
8995
8843
8742
8683
8731
9550
11897
12960
8129
8474
8426
8430
8670
8927
9038
9093
9464
9870
10072
10142
10218
10024
9320
8617
8320
8306
8261
8214
8277
8527
8503
8435
8580
8756
8720
8588
8644
8757
8720
8581
8639
8759
8724
8632
8715
9160
9254
8848
8683
8879
8828
8548
10058
12918
10801
8071
8365
8540
8628
8651
8861
9219
9356
9511
9906
10350
10430
10150
9747
9151
8503
8171
8129
8294
8328
8266
8360
8601
8626
8524
8586
8762
8727
8579
8648
8780
8745
8616
8669
8761
9120
8961
8760
8757
8751
8654
8676
10629
12729
9071
8186
8596
8624
8595
8815
9118
9252
9353
9659
10151
10406
10337
10131
9733
9005
8363
8176
8277
8265
8179
8274
8489
8570
8493
8594
8750
8726
8592
8578
8747
8761
8604
8682
8761
9249
8927
8631
8755
8766
8647
8708
11128
13268
8262
8277
8548
8611
8665
8872
9135
9297
9371
9685
10145
10396
10221
9954
9468
8798
8218
8086
8171
8220
8166
8223
8473
8512
8469
8511
8694
8706
8599
8600
8768
8772
8621
8645
8794
8831
9180
8967
8887
8800
8678
8681
8853
11174
13367
8359
8419
8502
8493
8580
8887
9036
9112
9315
9796
10096
10215
10256
10108
9536
8702
8220
8251
8196
8085
8141
8349
8483
8392
8451
8659
8686
8555
8581
8703
8725
8566
8580
8715
8758
8654
8630
8801
9253
8982
8729
8720
8841
8702
8750
10872
12829
8716
8113
8539
8644
8663
8780
9051
9314
9385
9612
10088
10423
10325
10074
9662
8995
8389
8176
8305
8308
8172
8188
8438
8581
8513
8538
8732
8812
8684
8623
8760
8811
8638
8602
8728
8805
8683
8666
8862
9309
9119
8796
8841
8921
8783
8671
10503
13173
9869
8214
8496
8643
8620
8712
8964
9233
9298
9529
9989
10334
10345
10073
9736
9105
8475
8181
8255
8311
8279
8309
8465
8589
8496
8550
8761
8809
8666
8573
8718
8799
8661
8643
8791
8835
8688
8660
8836
8936
8746
9178
9140
8953
8660
8604
8777
8850
10578
12980
9331
8328
8459
8405
8685
8857
8906
9021
9385
9713
9805
10114
10297
10206
9524
8744
8344
8137
8016
7921
7999
8310
8246
8067
8394
8423
8444
8393
8482
8410
8382
8273
8464
8436
8423
8269
8407
8488
8599
8739
8548
8354
8371
8196
8271
9369
11334
11055
7462
8100
8097
8158
8404
8654
8702
8783
9133
9602
9775
9924
9925
9629
8808
8196
7898
8073
7981
8016
8021
8144
8278
8229
8342
8642
8526
8535
8452
8698
8502
8387
8523
8756
8918
8650
8659
8608
8599
8572
8646
10152
12209
9380
7973
8410
8540
8444
8736
9010
9046
9210
9498
9958
10039
10115
10236
9427
8786
8117
8023
8055
8093
8129
8048
8318
8286
8237
8496
8665
8518
8477
8628
8726
8732
8626
8562
8665
8602
8646
9150
9009
8828
8530
8612
8719
8515
9597
11861
11833
8109
8373
8433
8632
8792
8840
