10416
10175
9753
9245
8611
8330
8375
8128
8312
8429
8333
8517
8561
8523
8756
8784
8671
8833
8848
8695
8849
8792
8766
8831
8696
8736
8863
8783
8843
8930
8808
8866
9363
9104
8959
8856
8700
8942
8899
8795
10329
12372
11357
8201
8496
8551
8733
8820
8948
9170
9080
9251
9587
9751
10018
10391
10330
10333
10022
9195
8800
8524
8197
8340
8346
8184
8431
8469
8538
8766
8534
8430
8709
8650
8658
8787
8661
8628
8850
8728
8741
8855
8831
8765
8828
8767
9074
9426
9124
9069
8900
8819
9018
8859
9199
11084
12578
9698
8380
8650
8755
8975
8936
9131
9424
9305
9627
9851
9968
10387
10536
10438
10373
9896
9140
8764
8469
8360
8470
8368
8389
8606
8459
8774
8911
8767
8757
8958
8772
8993
9066
8846
8910
8940
8835
9072
9046
8944
9165
9229
9169
9125
8967
8954
9045
8867
8984
10411
12185
11457
8105
8619
8795
8854
8865
9099
9231
9291
9578
9776
9834
10307
10440
10545
10565
10038
9386
8940
8522
8377
8486
8373
8453
8583
8453
8618
8745
8672
8836
8892
8790
8874
8893
8814
8911
8879
8762
8943
9284
9103
9044
8753
8803
8881
8786
8914
10365
12132
11137
8115
8424
8728
8824
8877
9139
9229
9253
9552
9701
9873
10298
10427
10428
10419
9849
9208
8800
8384
8268
8412
8330
8433
8561
8503
8673
8746
8664
8770
8836
8755
8963
8849
8808
8971
8850
8824
8941
8864
9230
9265
8908
8766
8925
8743
8825
8866
10099
12426
12134
8048
8519
8626
8576
8830
8903
8926
9246
9358
9499
9908
10058
10308
10514
10258
9909
9374
8629
8365
8280
8138
8286
8377
8306
8529
8585
8495
8634
8664
8636
8771
8751
8698
8836
8683
8634
8759
8658
8708
8852
8767
8813
8864
9112
9162
9018
8716
8842
8848
8727
8804
10056
12117
12648
8148
8385
8628
8596
8692
8897
8906
9055
9334
9417
9765
10115
10248
10419
10359
9884
9395
8814
8334
8291
8224
8125
8325
8350
8345
8581
8522
8511
8701
8618
8663
8813
8708
8732
8842
8697
8724
8800
8661
8798
8825
8706
8815
8858
8722
8920
8870
9025
9405
9091
8838
8873
8807
8800
8880
9393
11492
13158
8504
8197
8654
8553
8773
8962
8927
9195
9367
9398
9744
9998
10144
10473
10379
10051
9737
9045
8529
8368
8184
8214
8337
8234
8330
8489
8417
8557
8704
8632
8815
8847
8739
8869
8814
8693
8851
8788
8739
8886
8813
8803
8957
8862
8870
9033
8937
8933
9331
9284
9133
8983
8808
8947
9000
8735
9936
11827
13002
8365
8403
8558
8757
8767
8854
9099
9140
9307
9646
9748
10017
10374
10359
10382
10185
9545
9020
8655
8291
8365
8336
8231
8416
8426
8390
8630
8582
8597
8818
8731
8738
8869
8757
8745
8865
8735
8745
8822
8703
8781
8884
8784
8850
8885
8776
8963
8954
9176
9478
9142
8889
8989
8920
8880
8903
9753
11727
13449
8420
8417
8697
8579
8732
8914
8898
9117
9360
9415
9782
10029
10186
10466
10405
10083
9702
8999
8511
8357
8202
8236
8412
8325
8374
8588
8446
8588
8696
8662
8757
8843
8692
8794
8817
8691
8780
8754
8663
8871
8802
8790
8952
8858
8802
8970
8829
8955
9405
9025
8864
8862
8741
8865
8856
9240
11354
13202
8955
8173
8517
8468
8711
8798
8799
9099
9171
9345
9712
9914
10165
10519
10397
10229
9836
9068
8596
8376
8099
8189
8251
8164
8335
8409
8399
8600
8612
8562
8769
8712
8690
8822
8726
8707
8860
8719
8739
8877
8748
8801
8962
8836
8905
9253
9191
9051
8876
8723
8929
8908
8798
10116
11874
12497
8149
8260
8581
8785
8804
8907
9171
9189
9326
9646
9737
10085
10398
10421
10457
10205
9490
8926
8486
8187
8291
8243
8211
8378
8344
8340
8564
8504
8587
8802
8738
8784
8892
8769
8793
8889
8730
8782
8867
8757
8869
8928
8835
9234
9375
8986
8929
8785
8761
8935
8778
9526
11546
12971
8455
8413
8530
8648
8851
8838
9058
9222
9230
9486
9745
9928
10302
10456
10357
10288
9756
8974
8655
8325
8156
8320
8256
8296
8481
8384
8460
8653
8591
8690
8811
8714
8782
8829
8720
8823
8827
8703
8871
8870
8745
8957
8908
8857
9097
9362
9077
9034
8806
8833
8969
8783
9213
11260
13128
9424
8310
8470
8602
8750
8760
9026
9118
9180
9505
9666
9855
10294
10386
10381
10370
9805
9114
8671
8285
8161
8243
8195
8298
8436
8402
8518
8623
8550
8671
8714
8624
8788
8740
8603
8780
8749
8661
8821
8769
8726
8873
8806
8824
8934
8790
8853
9079
9320
9156
9010
8722
8895
8922
8737
9217
11196
13174
9550
8232
8465
8660
8687
8755
9041
9034
9137
9484
9536
9824
10213
10320
10417
10299
9759
9134
8614
8180
8151
8154
8064
8278
8273
8262
8476
8470
8497
8657
8631
8621
8776
8655
8657
8783
8660
8711
8819
8655
8750
8830
8735
8881
8876
8765
8920
8931
8830
9254
9300
8981
8927
8800
8836
8936
8820
10038
12069
12534
8078
8419
8579
8686
8862
8844
9065
9255
9277
9562
9818
9965
10380
10478
10377
10225
9649
8939
8646
8292
8189
8349
8252
8286
8445
8366
8487
8638
8597
8764
8866
8728
8839
8851
8745
8841
8840
8715
8859
8875
8851
9000
8930
9133
9441
9100
8899
8976
8893
8933
8934
9670
11654
13143
8335
8392
8718
8673
8860
9012
8975
9253
9360
9418
9772
10015
10244
10580
10475
10192
9777
9022
8559
8427
8204
8247
8393
8298
8440
8552
8496
8653
8752
8690
8835
8877
8779
8917
8810
8781
8902
8812
8761
8959
8839
8881
9039
8925
9354
9324
8964
8812
8917
8758
8886
8888
10323
12848
12040
8057
8519
8549
8526
8791
8866
8952
9232
9254
9456
9845
10016
10290
10500
10280
9990
9432
8676
8358
8214
8019
8166
8228
8182
8359
8434
8381
8614
8658
8637
8777
8684
8666
8800
8676
8669
8810
8675
8721
8814
8711
8737
8865
8740
8865
8929
8987
9325
9050
8773
8869
8888
8810
8875
9450
11563
13708
8689
8247
8596
8542
8663
8883
8889
9054
9316
9407
9673
10054
10189
10495
10521
10219
9816
9125
8502
8317
8144
8086
8256
8215
8263
8470
8420
8468
8671
8564
8664
8739
8653
8703
8766
8633
8741
8764
8626
8761
8803
8726
8867
8851
9148
9171
8906
8678
8869
8777
8794
8990
10499
12627
11523
7975
8412
8704
8625
8838
9033
9015
9270
9471
9560
9952
10186
10349
10569
10379
9962
9440
8771
8313
8284
8115
8134
8258
8183
8242
8421
8401
8547
8680
8642
8782
8798
8686
8784
8759
8686
8795
8774
8696
8884
8834
8842
9380
9147
8915
8864
8746
8772
8879
8846
10381
12514
11412
8024
8481
8549
8735
8860
8866
9125
9235
9341
9663
9864
10086
10503
10507
10373
10131
9410
8816
8545
8226
8204
8323
8271
8369
8502
8441
8616
8696
8662
8856
8831
8762
8892
8829
8774
8879
8859
8805
8957
8879
8861
9072
9350
9135
9065
8791
8907
9001
8823
8988
10755
13022
11149
8258
8498
8689
8764
8793
9090
9152
9248
9596
9630
9865
10327
10472
10565
10531
9993
9354
8828
8348
8229
8283
8157
8317
8424
8371
8535
8557
8520
8727
8713
8669
8805
8717
8703
8863
8711
8696
8854
8771
8795
8955
8825
8917
8977
9038
9373
9163
8841
8851
8909
8806
8871
9352
11422
13787
9197
8276
8622
8520
8635
8830
8886
9050
9303
9350
9599
9980
10182
10447
10560
10193
9830
9094
8441
8287
8121
8033
8212
8240
8200
8405
8366
8423
8583
8521
8571
8735
8617
8706
8752
8639
8750
8794
8673
8801
8832
8729
8864
8904
8817
9090
9350
9046
8957
8774
8821
8972
8835
9301
11478
13363
9395
8265
8540
8668
8850
8839
9013
9195
9207
9498
9705
9891
10311
10494
10403
10348
9822
9083
8687
8292
8174
8263
8145
8239
8362
8289
8411
8561
8461
8632
8736
8660
8776
8775
8646
8746
8709
8609
8753
8698
8698
8852
8759
8766
9114
9170
8947
8863
8700
8769
8884
8694
9496
11488
12998
8481
8151
8480
8659
8782
8829
9048
9167
9255
9602
9761
9965
10383
10501
10491
10392
9739
9117
8693
8247
8242
8314
8240
8368
8442
8380
8552
8597
8577
8811
8764
8710
8890
8775
8726
8886
8767
8773
8876
8756
8795
8901
8761
8856
8947
8790
9150
9400
9001
8965
8858
8777
8942
8807
9308
11457
13541
8960
8386
8539
8565
8792
8809
8949
9171
9211
9465
9776
9872
10290
10506
10422
10342
9883
9080
8686
8290
8056
8197
8222
8262
8503
8409
8494
8667
8610
8643
8809
8694
8792
8845
8690
8769
8845
8685
8841
8880
8757
8873
8885
8756
8949
8923
8854
9412
9240
9002
8918
8804
8828
8927
8754
10160
12748
13111
8228
8484
8428
8600
8749
8769
9064
9157
9235
9589
9835
10064
10454
10497
10403
10246
9520
8840
8494
8095
8088
8204
8133
8264
8363
8305
8473
8527
8464
8631
8616
8540
8687
8653
8617
8743
8694
8648
8816
8680
8716
8860
8753
8757
9162
9153
8983
8817
8685
8830
8899
8678
9853
12028
13154
8196
8218
8504
8738
8743
8833
9074
9114
9260
9568
9669
10010
10369
10418
10433
10221
9538
8984
8528
8161
8225
8229
8151
8316
8267
8270
8512
8461
8490
8732
8678
8715
8794
8667
8694
8761
8665
8762
8796
8715
8811
8899
9173
9133
8939
8634
8810
8800
8702
8953
10553
12450
11165
8010
8466
8718
8619
8826
9050
9015
9218
9440
9530
9903
10258
10372
10583
10488
9940
9407
8776
8344
8345
8264
8203
8364
8304
8365
8522
8466
8604
8795
8708
8772
8838
8709
8797
8843
8677
8828
8859
8716
8842
8861
8746
8935
8881
9026
9487
9111
8938
8923
8812
8829
8916
9057
11057
13473
9977
8300
8652
8548
8757
8885
8913
9179
9278
9385
9775
9966
10226
10570
10552
10415
10097
9283
8738
8479
8198
8245
8349
8280
8457
8512
8473
8642
8642
8609
8814
8833
8750
8926
8802
8729
8865
8758
8745
8885
8775
8801
8904
8803
8889
8968
8844
8970
9037
9336
9301
9096
8802
8953
8931
8839
8962
10586
13048
11785
8165
8445
8635
8562
8725
8947
8930
9140
9394
9474
9808
10135
10325
10526
10438
9972
9473
8806
8256
8191
8107
8046
8265
8224
8265
8440
8357
8497
8632
8558
8657
8742
8591
8687
8743
8612
8713
8764
8615
8791
8749
8641
8872
8807
8955
9398
8988
8780
8823
8708
8744
8852
9257
11450
13351
8697
8074
8611
8543
8744
8876
8867
9127
9279
9405
9743
10008
10215
10526
10475
10231
9851
9059
8541
8367
8089
8144
8277
8148
8269
8359
8333
8520
8617
8575
8762
8789
8667
8820
8732
8663
8791
8681
8688
8823
8718
8749
8886
8859
9264
9115
8732
8740
8815
8718
8833
9189
10979
12865
9688
8052
8606
8641
8656
8929
8972
9099
9363
9416
9637
10065
10241
10522
10631
10354
10003
9364
8644
8410
8286
8163
8305
8336
8272
8475
8469
8461
8661
8651
8659
8859
8764
8807
8875
8760
8781
8832
8670
8787
8846
8724
8863
8865
8783
8931
8944
9091
9413
9098
8841
8930
8866
8856
8878
9508
11617
13759
8748
8366
8620
8508
8706
8905
8890
9173
9324
9406
9801
10033
10244
10585
10555
10281
9939
9158
8584
8401
8162
8201
8352
8249
8390
8494
8400
8581
8645
8568
8711
8731
8654
8797
8742
8642
8806
8769
8697
8830
8741
8749
8887
8813
8791
8883
8783
8845
8979
8819
9365
9293
8975
8911
8918
8805
8890
8849
10310
12957
12248
8057
8463
8441
8519
8795
8790
8970
9245
9280
9560
9878
10005
10392
10532
10355
10152
9525
8785
8481
8186
8063
8222
8197
8189
8392
8355
8400
8588
8537
8641
8774
8662
8709
8805
8626
8701
8792
8670
8771
8768
8665
8830
8800
8749
8893
8862
8791
8928
8875
8952
9414
9086
8896
8917
8798
8872
8925
9216
11357
13238
9264
8060
8549
8530
8731
8836
8863
9135
9221
9363
9709
9896
10143
10516
10488
10338
10068
9237
8698
8444
8173
8242
8309
8225
8338
8387
8324
8538
8580
8575
8822
8797
8723
8908
8793
8739
8870
8718
8731
8857
8756
8794
8898
8785
8844
8896
8824
8956
8965
9281
9273
9073
8790
8957
8939
8895
9029
10508
12411
12160
8160
8452
8759
8710
8881
9076
9038
9268
9467
9535
9929
10246
10372
10688
10581
10148
9667
8986
8444
8339
8218
8173
8356
8276
8316
8461
8404
8484
8666
8618
8691
8836
8690
8787
8817
8637
8802
8791
8665
8846
8811
8767
8899
8854
8800
8998
8911
8999
9494
9132
8964
8910
8813
8906
8959
9082
11159
13424
10157
8325
8609
8532
8737
8799
8873
9157
9207
9328
9704
9892
10176
10527
10505
10461
10130
9302
8763
8434
8103
8189
8256
8184
8361
8414
8342
8481
8536
8493
8728
8653
8618
8817
8702
8692
8862
8688
8713
8842
8706
8789
8873
8750
8860
8923
8798
8910
8982
8864
9340
9308
9000
8952
8869
8847
9017
8877
10203
12576
12890
8100
8454
8520
8669
8844
8860
9066
9229
9262
9582
9846
10033
10454
10573
10467
10324
9706
8974
8655
8274
8178
8292
8213
8202
8427
8343
8428
8592
8543
8685
8743
8635
8754
8776
8622
8714
8712
8652
8823
8736
8678
8855
8776
8750
8864
8781
8841
8932
9086
9237
9129
8780
8840
8957
8802
8845
10101
11912
12896
8141
8237
8695
8693
8748
8961
9014
9105
9394
9475
9754
10147
10279
10516
10601
10197
9730
9060
8489
8277
8204
8117
8251
8288
8242
8434
8418
8398
8634
8663
8654
8859
8772
8761
8859
8688
8714
8844
8700
8791
8830
8723
8853
8889
8751
8878
8912
8780
9235
9340
8993
8973
8817
8793
8938
8722
9611
11727
13449
8563
8448
8498
8597
8799
8806
9003
9200
9248
9564
9793
9979
10392
10544
10532
10475
9901
9134
8735
8319
8167
8307
8219
8276
8450
8352
8454
8575
8466
8613
8750
8672
8803
8813
8736
8852
8776
8682
8848
8781
8771
8937
8828
8824
8946
8838
8864
8984
8987
9385
9206
8890
8857
8990
8812
8884
9284
11318
13596
9500
8212
8656
8595
8599
8883
8896
8991
9295
9328
9577
9990
10197
10473
10629
10346
10023
9348
8594
8356
8189
8063
8194
8235
8201
8383
8333
8366
8587
8522
8552
8728
8617
8660
8770
8614
8689
8724
8573
8670
8747
8628
8760
8799
8692
8853
8836
8781
9074
9306
8985
8945
8785
8788
8961
8768
9388
11588
13115
8952
8236
8558
8696
8840
8794
9054
9192
9227
9513
9723
9901
10305
10485
10481
10487
9962
9259
8811
8355
8184
8305
8183
8252
8364
8289
8409
8542
8474
8671
8757
8644
8797
8800
8671
8802
8712
8676
8831
8790
8728
8878
8752
8790
8951
8824
9230
9297
8943
8875
8915
8809
8900
8926
10089
12125
12732
8074
8484
8616
8602
8843
8881
8950
9272
9337
9487
9882
10017
10342
10610
10448
10270
9765
8951
8572
8330
8107
8270
8303
8233
8420
8390
8378
8578
8553
8614
8763
8704
8708
8879
8688
8752
8824
8697
8786
8890
8737
8828
8890
8784
8907
8890
8829
8961
8934
8849
9006
9356
9264
9185
8872
8857
9006
8885
8872
10363
12381
12984
8271
8401
8612
8698
8683
8965
9079
9094
9394
9517
9692
10148
10349
10466
10511
10170
9617
9115
8478
8255
8235
8114
8198
8341
8233
8395
8473
8441
8604
8654
8596
8749
8744
8639
8778
8681
8629
8807
8689
8731
8864
8750
8773
8853
8762
8817
8891
8735
8852
8906
8799
8973
8972
9110
9431
9182
8861
8898
8920
8841
8906
9419
11433
13723
9022
8317
8649
8559
8708
8932
8906
9139
9332
9392
9706
9986
10122
10481
10533
10321
10047
9319
8661
8407
8138
8104
8270
8216
8255
8427
8345
8421
8590
8511
8658
8749
8624
8736
8784
8644
8757
8680
8615
8789
8719
8654
8869
8747
8732
8893
8814
8803
8962
8821
9162
9350
9026
8861
8898
8792
8913
8826
9678
11940
13400
8201
8277
8561
8507
8823
8834
8905
9166
9215
9371
9768
9926
10234
10598
10485
10363
9970
9112
8675
8348
8086
8240
8217
8148
8313
8317
8340
8568
8614
8627
8871
8809
8828
8935
8770
8783
8910
8746
8805
8908
8805
8888
8933
8826
8934
8922
8851
9342
9250
8991
8928
8822
8811
8931
8845
10301
12437
12394
8043
8479
8575
8698
8885
8865
9100
9284
9330
9645
9902
10098
10523
10682
10542
10382
9751
8992
8632
8279
8226
8346
8264
8337
8488
8371
8510
8644
8580
8742
8842
8727
8868
8929
8759
8892
8852
8745
8882
8831
8801
8973
8898
8885
9061
8966
9158
9539
9120
8966
8955
8887
9030
8935
9396
11590
13601
9090
8413
8621
8559
8839
8908
8973
9264
9309
9433
9838
9986
10299
10641
10575
10458
10104
9249
8703
8420
8140
8229
8287
8192
8402
8417
8362
8569
8566
8562
8745
8679
8637
8846
8706
8639
8763
8646
8699
8822
8695
8780
8880
8749
8879
8923
8872
9392
9169
8888
8809
8802
8760
8917
8930
10812
13334
11068
8065
8542
8476
8616
8862
8832
9057
9255
9275
9599
9896
10073
10495
10615
10423
10194
9505
8713
8425
8166
8068
8211
8175
8201
8386
8294
8392
8560
8464
8619
8747
8643
8697
8708
8591
8692
8673
8575
8746
8707
8639
8824
8782
8723
8881
9151
9178
9028
8711
8748
8910
8764
8834
10170
12156
12896
8103
8211
8624
8682
8706
8971
9066
9129
9371
9499
9685
10160
10345
10513
10629
10282
9725
9124
8463
8231
8245
8126
8258
8331
8234
8405
8521
8498
8667
8708
8680
8837
8780
8733
8829
8725
8691
8853
8733
8768
8871
8736
8851
8958
8768
9183
9316
8921
8862
8819
8752
8916
8780
9778
12052
13344
8171
8464
8511
8525
8756
8790
8939
9167
9176
9449
9754
9949
10343
10564
10445
10350
9830
8962
8610
8286
8101
8222
8214
8191
8408
8342
8353
8580
8500
8554
8732
8649
8717
8818
8681
8734
8819
8686
8819
8875
8721
8856
8891
8787
8947
8930
8852
9241
9329
9045
8979
8812
8854
8979
8726
9687
11935
13614
8543
8463
8479
8588
8727
8770
8995
9146
9213
9571
9749
9981
10402
10532
10514
10478
9900
9192
8750
8279
8186
8267
8139
8272
8379
8295
8486
8559
8482
8643
8699
8606
8790
8722
8673
8804
8716
8661
8807
8691
8680
8829
8679
8742
8853
8804
8875
8930
9105
9323
9095
8783
8867
8892
8793
8860
10075
12221
13202
8151
8285
8628
8581
8682
8917
8913
9115
9363
9435
9745
10127
10281
10584
10591
10273
9876
9182
8515
8363
8227
8156
8353
8312
8285
8509
8484
8506
8715
8634
8747
8868
8706
8799
8869
8689
8775
8839
8723
8879
8860
8749
8912
8869
8810
9004
8991
9321
9271
8983
8852
9003
8841
8842
9236
11099
12857
10081
8082
8493
8658
8610
8857
9010
8984
9259
9441
9570
10006
10224
10390
10635
10454
10014
9539
8815
8418
8345
8159
8252
8352
8226
8348
8468
8414
8540
8655
8571
8754
8751
8654
8823
8757
8698
8847
8738
8716
8835
8781
8787
8874
8784
8817
9310
9129
9021
8891
8762
8876
8907
8699
10207
12456
12991
8293
8459
8450
8664
8694
8795
9042
9084
9265
9605
9705
10025
10392
10424
10506
10342
9595
9015
8583
8130
8185
8197
8154
8325
8325
8292
8526
8513
8507
8668
8624
8628
8785
8673
8715
8853
8670
8744
8811
8706
8824
8845
8709
8856
8868
8812
8938
9209
9214
9090
8837
8756
8916
8852
8780
10163
12304
13255
8257
8300
8507
8617
8624
8837
9001
8998
9297
9522
9641
10101
10321
10478
10563
10253
9725
9174
8554
8218
8222
8145
8184
8353
8271
8396
8508
8459
8580
8721
8588
8735
8736
8627
8760
8702
8623
8744
8689
8657
8813
8735
8708
8887
8801
8851
9002
9230
9170
9026
8709
8832
8911
8772
9087
10908
12765
11041
8078
8421
8728
8696
8779
9011
9060
9180
9479
9572
9835
10275
10412
10547
10567
10103
9530
8951
8358
8264
8205
8108
8281
8311
8270
8499
8519
8511
8704
8675
8649
8813
8692
8661
8777
8667
8683
8795
8707
8747
8823
8674
8819
8878
8794
9007
9419
9067
8988
8815
8763
8937
8822
9001
11113
13180
10328
8300
8514
8576
8777
8742
8962
9147
9169
9419
9677
9829
10304
10513
10521
10542
10169
9461
8952
8462
8226
8261
8195
8255
8481
8379
8474
8603
8501
8620
8714
8638
8746
8777
8657
8772
8721
8657
8780
8748
8690
8860
8792
8763
8944
8816
9070
9362
8993
8816
8889
8789
8848
8846
9568
11864
13702
8469
8376
8560
8483
8697
8819
8882
9147
9256
9368
9740
9939
10219
10616
10510
10314
9946
9117
8580
8319
8041
8107
8215
8106
8331
8358
8332
8506
8510
8439
8659
8633
8598
8732
8637
8625
8739
8622
8669
8787
8682
8723
8862
8727
9035
9355
8924
8844
8775
8689
8824
8752
9464
11877
13325
8433
8266
8476
8470
8708
8767
8917
9125
9214
9424
9768
9890
10271
10550
10455
10380
9947
9047
8620
8300
8071
8199
8199
8136
8326
8319
8306
8542
8510
8592
8775
8666
8738
8791
8663
8698
8780
8639
8726
8792
8672
8843
8848
8737
9271
9206
8888
8843
8753
8735
8883
8787
10145
12346
12562
8099
8462
8552
8652
8850
8870
9061
9240
9271
9591
9830
10005
10429
10551
10477
10358
9710
8952
8599
8255
8132
8300
8212
8274
8443
8363
8506
8633
8554
8730
8813
8701
8792
8816
8694
8798
8801
8708
8874
8796
8745
8890
8822
8773
8966
9263
9171
9079
8766
8802
8923
8784
8845
10431
12566
12659
8281
8439
8650
8683
8704
8979
9040
9107
9424
9559
9779
10211
10373
10550
10660
10226
9688
9100
8457
8279
8261
8143
8287
8396
8318
8535
8517
8488
8685
8625
8587
8770
8709
8677
8795
8680
8665
8780
8682
8713
8808
8691
8766
8852
8718
8831
8922
8785
9345
9120
8857
8816
8812
8756
8901
8973
10834
13222
10762
8018
8503
8469
8591
8799
8778
8992
9208
9274
9560
9888
10069
10416
10551
10337
10179
9517
8786
8501
8189
8067
8241
8180
8210
8418
8341
8464
8627
8541
8653
8754
8623
8729
8757
8617
8682
8691
8574
8753
8718
8687
8807
8785
8731
8872
8834
8825
9336
9216
8993
8887
8764
8843
8930
8750
10267
12357
12495
8115
8411
8508
8714
8803
8860
9102
9197
9285
9616
9769
10025
10442
10457
10463
10323
9665
9033
8629
8185
8192
8256
8206
8327
8405
8294
8502
8561
8553
8733
8724
8689
8839
8758
8682
8801
8711
8717
8867
8748
8787
8909
8793
8868
8931
8817
8934
8984
8881
9026
9074
8969
9535
9278
9002
8916
8878
8834
8947
8838
10359
12917
12334
8239
8629
8543
8702
8903
8841
9082
9276
9326
9619
9866
10008
10429
10560
10413
10348
9779
9027
8688
8310
8189
8332
8219
8318
8490
8414
8501
8627
8550
8707
8791
8613
8755
8723
8612
8728
8692
8617
8762
8712
8699
8876
8769
8741
8890
8770
8793
8928
8821
8848
9383
9149
9053
8876
8756
8911
8871
8789
10583
12904
12089
8276
8487
8420
8651
8642
8773
9060
9073
9238
9576
9677
10048
10428
10401
10450
10204
9555
8965
8499
8107
8175
8110
8037
8234
8228
8280
8467
8383
8423
8631
8585
8605
8747
8600
8640
8752
8607
8661
8786
8638
8762
8828
8717
8852
8773
8716
8920
8946
9286
9192
8907
8724
8904
8825
8761
9357
11294
12949
9493
8070
8521
8657
8616
8880
9055
9054
9333
9499
9638
10064
10277
10439
10688
10508
10082
9567
8813
8389
8303
8113
8200
8308
8236
8355
8466
8397
8576
8731
8618
8781
8765
8676
8797
8736
8613
8793
8701
8689
8834
8783
8762
8957
8793
9165
9355
8958
8810
8854
8784
8884
8886
10007
12150
12926
8121
8492
8636
8574
8877
8939
8997
9303
9349
9510
9877
10091
10354
10673
10520
10372
9931
9123
8682
8453
8197
8300
8326
8247
8435
8485
8426
8616
8596
8580
8776
8724
8702
8824
8701
8683
8774
8664
8698
8806
8685
8776
8904
8733
9031
9413
8974
8944
8765
8708
8893
8757
9269
11629
13419
8930
8382
8497
8519
8746
8743
8886
9106
9160
9440
9752
9869
10244
10453
10455
10430
9988
9231
8787
8374
8141
8254
8218
8208
8379
8363
8364
8546
8474
8510
8714
8558
8665
8720
8573
8698
8768
8593
8730
8721
8650
8835
8832
8785
8874
8839
9036
9417
9039
8791
8852
8759
8819
8831
9536
11904
13591
8499
8316
8606
8528
8756
8888
8918
9163
9306
9399
9800
10023
10245
10615
10563
10358
10083
9245
8704
8416
8098
8107
8229
8113
8252
8370
8292
8485
8563
8492
8657
8648
8564
8709
8652
8571
8707
8641
8571
8778
8687
8673
8836
8730
8757
8902
8816
9256
9165
8855
8790
8880
8776
8855
9098
10966
12839
10146
8005
8559
8613
8642
8913
8963
9032
9356
9353
9597
9997
10125
10442
10612
10385
10125
9546
8770
8472
8251
8087
8226
8221
8198
8347
8361
8382
8591
8590
8633
8842
8677
8666
8790
8650
8684
8779
8658
8759
8853
8699
8810
8866
8756
8863
8861
9172
9232
8987
8744
8899
8857
8793
8946
10510
12743
12112
8121
8467
8663
8595
8757
8935
8953
9196
9422
9491
9904
10165
10296
10591
10490
10094
9691
8971
8407
8342
8121
8105
8235
8226
8239
8452
8376
8477
8626
8511
8664
8743
8619
8701
8682
8584
8718
8708
8636
8820
8800
8710
8882
8761
8738
8943
8813
9186
9326
9005
8803
8892
8748
8815
8848
10125
12571
13090
8031
8386
8462
8403
8674
8784
8793
9120
9237
9423
9804
10024
10245
10572
10464
10251
9795
8981
8546
8323
8092
8185
8237
8192
8341
8404
8348
8570
8613
8514
8689
8667
8603
8739
8651
8620
8786
8684
8681
8795
8680
8743
8871
8740
8812
8893
8769
8903
9116
9275
9151
8929
8733
8918
8922
8739
9870
11874
13153
8428
8202
8525
8695
8725
8878
9092
9093
9294
9554
9645
10007
10339
10435
10581
10433
9862
9343
8728
8265
8259
8201
8155
8324
8280
8321
8526
8483
8581
8751
8656
8732
8847
8701
8765
8765
8609
8717
8797
8664
8801
8815
8738
8922
8856
8763
8955
8860
9178
9375
9022
8800
8903
8800
8864
8909
10205
12313
12823
8071
8446
8629
8520
8808
8953
8919
9221
9347
9467
9853
10068
10288
10599
10490
10254
9870
9063
8568
8373
8109
8179
8289
8207
8305
8389
8334
8543
8636
8525
8713
8756
8623
8766
8694
8653
8758
8699
8673
8794
8733
8754
8873
8745
8804
8933
8979
9310
9107
8786
8772
8893
8759
8804
9558
11625
13593
8705
8198
8538
8462
8516
8819
8834
8936
9230
9315
9580
10003
10185
10444
10606
10309
9960
9336
8530
8327
8155
8067
8173
8257
8198
8446
8412
8409
8631
8539
8521
8688
8638
8646
8712
8606
8627
8733
8596
8677
8762
8656
8792
8844
8725
8889
8877
8783
9296
9210
8887
8883
8830
8832
8943
8879
10478
12786
12093
7956
8502
8524
8593
8887
8848
9039
9257
9291
9598
9867
10000
10478
10591
10479
10379
9746
9012
8652
8306
8195
8350
8265
8295
8402
8369
8481
8644
8586
8721
8843
8689
8800
8845
8747
8804
8785
8723
8875
8820
8792
8949
8861
8825
8997
8861
8866
9013
8963
9002
9526
9187
9063
8994
8897
8991
8957
9174
11247
13052
10090
8229
8597
8563
8797
8837
8939
9195
9259
9450
9755
9856
10170
10573
10562
10543
10290
9582
9005
8614
8197
8260
8303
8203
8389
8430
8375
8584
8620
8617
8823
8765
8738
8887
8763
8692
8777
8670
8719
8832
8681
8748
8845
8720
8801
8855
8749
8834
9125
9193
9086
8865
8736
8910
8847
8687
9727
11797
13541
8623
8268
8496
8623
8623
8798
9017
8992
9250
9490
9576
9982
10286
10391
10598
10422
9878
9363
8654
8234
8204
8104
8100
8318
8248
8307
8445
8402
8483
8636
8535
8648
8740
8587
8689
8755
8566
8725
8722
8623
8790
8779
8699
8862
8794
8752
8900
8796
8811
8945
8859
8955
9154
9335
9168
9057
8761
8896
8977
8734
9335
11533
13564
9368
8188
8389
8611
8646
8711
8965
9019
9154
9458
9535
9820
10254
10362
10509
10555
10052
9479
8933
8336
8237
8191
8126
8282
8315
8228
8449
8496
8475
8691
8649
8605
8784
8665
8693
8772
8614
8614
8778
8660
8751
8827
8752
8843
8883
8774
8880
8868
8748
8976
8952
9134
9403
9142
8875
8975
8880
8837
8955
9845
11882
13370
8310
8290
8693
8612
8761
8965
8935
9158
9346
9390
9772
9968
10185
10547
10553
10318
10089
9360
8696
8491
8220
8134
8308
8259
8257
8417
8358
8537
8667
8588
8755
8810
8704
8785
8814
8678
8791
8757
8666
8822
8776
8711
8893
8789
8777
8950
8805
8834
8987
8865
9339
9269
8932
8836
8940
8852
8890
9085
10858
13260
10768
8124
8619
8587
8587
8835
8905
8989
9286
9346
9517
9940
10075
10423
10709
10493
10228
9734
8893
8508
8298
8088
8219
8269
8179
8379
8386
8366
8525
8549
8531
8728
8678
8663
8812
8698
8692
8789
8644
8715
8813
8660
8783
8867
8752
8882
8896
8819
8942
9041
9277
9203
8958
8737
8918
8866
8749
9307
11335
13584
9614
8149
8468
8604
8533
8766
8929
8954
9243
9455
9505
9932
10262
10398
10656
10539
10117
9552
8827
8275
8234
8104
8079
8220
8173
8222
8419
8316
8451
8633
8509
8615
8658
8577
8683
8678
8560
8686
8688
8532
8694
8706
8645
8811
8770
8703
8895
8949
9203
9078
8795
8723
8909
8745
8744
9615
11558
13022
8480
7966
8569
8616
8613
8896
8986
8998
9348
9403
9631
10067
10250
10478
10684
10398
10048
9455
8672
8340
8245
8074
8198
8296
8166
8369
8459
8408
8652
8708
8626
8833
8765
8673
8818
8670
8666
8809
8709
8721
8838
8713
8786
8886
9101
9158
9019
8687
8782
8847
8732
8870
10332
12119
12445
8038
8274
8706
8669
8739
9024
9050
9162
9480
9576
9815
10208
10342
10613
10667
10341
9875
9201
8499
8390
8270
8186
8334
8356
8317
8503
8515
8479
8698
8653
8665
8896
8748
8749
8852
8740
8774
8875
8729
8808
8869
8733
8873
8911
9189
9230
9039
8726
8890
8849
8769
8912
10375
12591
12538
8089
8410
8674
8585
8719
8954
8946
9140
9358
9417
9771
10106
10288
10649
10589
10222
9801
9055
8441
8305
8148
8094
8254
8232
8269
8405
8364
8428
8616
8503
8622
8757
8631
8701
8775
8626
8727
8772
8623
8790
8758
8686
8850
8833
8743
8913
8834
8778
9257
9267
9036
8971
8794
8842
8962
8706
9702
12000
13578
8464
8427
8442
8588
8738
8762
9011
9140
9208
9518
9687
9893
10363
10475
10541
10499
9962
9299
8813
8282
8182
8291
8197
8306
8401
8309
8474
8569
8500
8635
8654
8603
8775
8731
8616
8727
8635
8626
8799
8686
8680
8819
8703
8734
8838
8691
8756
8868
8714
8818
8838
8785
8926
9299
9140
9088
8828
8721
8941
8865
8755
10218
12269
12835
8113
8263
8551
8726
8691
8861
9045
9063
9301
9553
9664
10019
10265
10394
10571
10333
9812
9300
8741
8272
8244
8141
8114
8322
8255
8302
8505
8391
8518
8731
8626
8705
8775
8627
8711
8728
8613
8761
8755
8656
8824
8855
8742
8908
8832
8800
8988
8896
9012
9523
9099
8946
8918
8792
8859
8949
9288
11349
12937
9306
8103
8635
8580
8787
8887
8931
9218
9324
9408
9715
9914
10203
10551
10558
10482
10252
9532
8888
8548
8226
8253
8299
8198
8317
8417
8315
8543
8621
8538
8811
8785
8718
8865
8751
8658
8803
8732
8711
8856
8740
8803
8911
8833
8887
8930
9156
9297
9128
8749
8796
8871
8773
8838
9979
11839
13143
8251
8303
8679
8654
8737
9036
9023
9158
9382
9398
9709
10126
10257
10559
10695
10345
9994
9362
8657
8431
8268
8127
8292
8340
8318
8529
8487
8497
8655
8637
8610
8813
8704
8701
8839
8681
8734
8812
8658
8811
8846
8660
8824
8858
8731
8881
8885
9010
9397
9054
8796
8899
8802
8845
8856
9511
11618
13626
8587
8301
8592
8511
8683
8910
8871
9087
9255
9309
9662
9953
10111
10563
10581
10386
10152
9393
8729
8458
8160
8125
8291
8226
8332
8486
8386
8520
8646
8574
8667
8755
8632
8763
8756
8613
8771
8724
8650
8831
8782
8714
8871
8792
8764
8966
8845
9033
9437
9037
8866
8868
8715
8841
8814
9357
11682
13595
8584
8362
8538
8445
8741
8733
8839
9150
9181
9304
9727
9874
10177
10530
10508
10412
10151
9291
8757
8387
8039
8115
8186
8067
8292
8312
8271
8465
8466
8425
8644
8561
8519
8679
8594
8535
8660
8517
8588
8682
8568
8655
8777
8604
8708
8778
8669
8758
9152
9048
8960
8767
8638
8853
8766
8721
10304
12336
12287
8036
8204
8449
8657
8645
8847
9074
9069
9298
9580
9697
10071
10346
10422
10564
10335
9753
9218
8645
8246
8284
8127
8134
8320
8246
8327
8551
8492
8602
8744
8597
8730
8776
8612
8717
8772
8639
8758
8751
8649
8820
8768
8717
8921
8838
8815
9052
9291
9093
9066
8796
8806
8930
8789
9292
11324
12674
9380
8212
8462
8669
8803
8823
9036
9165
9216
9565
9706
9934
10290
10514
10559
10585
10151
9520
9063
8508
8322
8348
8181
8330
8415
8343
8519
8578
8534
8735
8733
8664
8796
8784
8647
8783
8689
8672
8824
8710
8739
8898
8749
8837
8961
8800
9286
9199
8880
8754
8900
8786
8889
8965
10644
12764
11049
8168
8588
8491
8558
8702
8843
8984
9158
9266
9500
9712
9851
10242
10455
10209
9977
9488
8724
8308
7996
7801
7998
8081
8052
8294
8323
8373
8528
8422
8527
8581
8509
8701
8758
8671
8762
8785
8720
8796
8732
8660
8842
8852
8648
8998
9042
9313
9262
8964
8739
8744
8745
8686
9390
11562
13319
8967
8032
8297
8501
8511
8651
8777
8815
9119
9252
9261
9783
10013
10154
10425
10230
9817
9191
8521
8048
8010
7809
7922
8112
7996
8061
8203
8159
8352
8332
8278
8451
8461
8401
8515
8573
8447
8522
8532
8514
8623
8637
8992
8821
8604
8535
8674
8556
8466
9219
11086
12837
8776
7704
8288
8359
8404
8824
8812
8891
9199
9305
9502
9918
10155
10270
10594
10279
9883
9348
8656
8228
8103
7909
7993
8090
7953
8081
8202
8121
8350
8407
8527
8599
8555
8495
8588
8571
8542
8622
8648
9008
8896
8666
8646
8616
8701
8740
9073
10811
12835
9765
7821
8506
8762
