Connecting
.....
Connected to WiFi network with IP Address: 192.168.0.106
11656
10266
7787
8064
8535
8580
8455
8413
8426
8474
8456
8485
8494
8475
8524
8587
8600
8676
8743
8830
8947
9058
9137
9196
9296
9347
9299
9220
9029
8800
8610
8411
8256
8166
8141
8128
8134
8146
8119
8170
8157
8188
8205
8173
8178
8179
8164
8158
8196
8226
8228
8230
8241
8237
8261
8258
8236
8228
8198
8203
8195
8209
8235
8255
8258
8268
8306
8256
8307
8295
8295
8316
8320
8397
8526
8608
8659
8601
8398
8324
8325
8312
8324
8295
8275
8300
8350
8451
9331
11268
11767
8857
7658
8144
8464
8339
8260
8277
8334
8327
8374
8407
8450
8521
8552
8594
8622
8695
8782
8831
8960
9087
9192
9296
9384
9415
9401
9320
9082
8854
8669
8497
8349
8285
8268
8264
8289
8290
8338
8345
8353
8347
8412
8330
8377
8363
8410
8390
8421
8422
8426
8464
8488
8492
8537
8548
8555
8527
8518
8552
8511
8507
8535
8528
8559
8531
8558
8564
8598
8579
8632
8733
8809
8912
8887
8800
8678
8596
8591
8557
8555
8524
8534
8562
8603
8849
10258
12114
11362
8138
7943
8534
8676
8497
8471
8562
8554
8577
8568
8603
8653
8694
8756
8770
8832
8889
8977
9062
9180
9294
9447
9549
9583
9560
9491
9309
9162
8902
8706
8518
8399
8327
8351
8294
8300
8325
8350
8380
8369
8385
8397
8407
8403
8424
8399
8428
8435
8453
8433
8429
8436
8457
8478
8405
8446
8415
8427
8481
8517
8524
8495
8509
8508
8529
8496
8520
8546
8540
8523
8549
8592
8714
8794
8896
8879
8743
8595
8591
8626
8599
8593
8535
8574
8606
8619
9110
10775
12215
10189
7827
8117
8602
8660
8527
8496
8501
8546
8558
8612
8638
8711
8732
8748
8792
8831
8936
8994
9047
9152
9277
9410
9472
9556
9536
9465
9256
9020
8761
8567
8421
8357
8335
8328
8364
8305
8319
8341
8395
8370
8383
8398
8391
8417
8444
8411
8426
8429
8425
8400
8400
8443
8378
8440
8431
8378
8373
8382
8407
8388
8412
8416
8446
8457
8493
8480
8496
8471
8525
8646
8726
8759
8747
8636
8520
8471
8501
8480
8483
8487
8502
8509
8565
9094
10600
11811
9648
7697
8128
8560
8603
8472
8465
8505
8539
8588
8549
8568
8633
8706
8708
8768
8812
8852
8898
8948
9053
9163
9250
9348
9365
9377
9247
9114
8810
8610
8439
8266
8229
8175
8158
8164
8191
8198
8200
8216
8280
8224
8244
8258
8328
8313
8318
8351
8375
8355
8370
8399
8432
8437
8413
8403
8397
8373
8388
8432
8461
8476
8471
8463
8497
8470
8504
8495
8494
8564
8636
8752
8825
8829
8758
8586
8534
8561
8537
8537
8544
8508
8485
8495
8688
9735
11602
11360
8205
7879
8406
8657
8464
8419
8472
8458
8503
8502
8579
8589
8600
8661
8720
8757
8765
8832
8952
9033
9137
9270
9365
9428
9411
9367
9233
9038
8723
8533
8376
8273
8215
8217
8228
8246
8237
8265
8245
8221
8279
8294
8318
8352
8430
8423
8418
8424
8439
8460
8457
8512
8512
8495
8505
8518
8524
8555
8544
8501
8509
8574
8573
8545
8533
8548
8555
8586
8603
8624
8685
8637
8750
8819
8863
8922
8873
8754
8601
8566
8559
8554
8548
8537
8540
8520
8583
8927
10567
12212
10826
8083
8106
8609
8650
8501
8502
8511
8556
8593
8618
8611
8683
8714
8759
8762
8864
8931
8974
9034
9173
9322
9400
9475
9549
9604
9484
9333
9155
8901
8695
8551
8431
8371
8356
8353
8390
8352
8396
8408
8436
8473
8421
8396
8398
8473
8480
8453
8442
8485
8482
8466
8496
8512
8542
8530
8539
8516
8553
8566
8552
8525
8562
8527
8521
8556
8562
8516
8523
8527
8508
8527
8540
8552
8594
8621
8601
8555
8672
8768
8851
8933
8840
8708
8595
8628
8658
8649
8615
8604
8627
8691
8742
9678
11660
12113
8990
7966
8446
8728
8627
8452
8518
8539
8573
8570
8576
8618
8654
8664
8739
8813
8826
8910
8969
9077
9178
9302
9428
9463
9497
9462
9364
9122
8915
8742
8529
8404
8288
8224
8259
8254
8275
8286
8313
8352
8345
8354
8381
8349
8412
8439
8390
8419
8430
8407
8448
8430
8440
8432
8470
8501
8460
8471
8459
8484
8455
8495
8497
8476
8508
8491
8463
8474
8528
8405
8419
8434
8443
8456
8451
8572
8549
8537
8643
8775
8869
8923
8799
8704
8570
8531
8564
8586
8595
8619
8622
8658
8705
9544
11493
12231
9141
7889
8425
8753
8637
8598
8548
8608
8666
8673
8744
8782
8805
8821
8861
8912
8982
9079
9136
9278
9329
9520
9595
9666
9698
9640
9501
9296
9022
8843
8664
8560
8520
8547
8479
8525
8543
8513
8553
8570
8586
8593
8605
8625
8574
8634
8610
8603
8647
8669
8655
8684
8646
8621
8627
8629
8621
8654
8663
8711
8698
8769
8705
8640
8603
8619
8604
8600
8592
8596
8639
8598
8636
8612
8641
8673
8662
8658
8718
8818
8918
8922
8843
8643
8547
8545
8617
8575
8597
8643
8597
8618
8725
9708
11682
12033
8713
7938
8551
8832
8640
8608
8665
8679
8718
8762
8826
8846
8876
8964
8950
9030
9116
9224
9366
9487
9617
9756
9848
9870
9909
9904
9757
9524
9278
9054
8933
8869
8763
8757
8751
8817
8858
8897
8918
8931
8956
8991
8918
8994
9070
9055
9083
9083
9102
9113
9133
9167
9171
9168
9159
9205
9237
9207
9230
9270
9270
9247
9272
9265
9301
9257
9254
9266
9300
9250
9286
9250
9277
9370
9451
9541
9565
9489
9336
9250
9250
9292
9211
9163
9201
9170
9218
9402
10656
12438
11793
8577
8479
9037
9256
9073
8981
9045
9040
8988
9008
9025
9042
9051
9102
9127
9203
9238
9313
9386
9492
9548
9656
9736
9747
9741
9686
9533
9301
9024
8784
8640
8516
8458
8395
8370
8354
8349
8355
8308
8358
8366
8399
8390
8363
8362
8333
8362
8376
8355
8366
8388
8389
8349
8344
8309
8303
8273
8295
8298
8303
8270
8290
8271
8265
8255
8256
8299
8283
8248
8227
8273
8304
8269
8270
8387
8484
8515
8595
8490
8356
8255
8241
8209
8202
8199
8208
8186
8168
8422
9800
11569
10830
7701
7491
8052
8133
7989
7987
8022
8032
8085
8089
8101
8170
8195
8202
8237
8309
8376
8421
8530
8659
8764
8839
8947
9013
9003
8923
8762
8540
8252
8071
7928
7858
7754
7756
7786
7841
7804
7783
7837
7832
7881
7901
7861
7891
7890
7907
7940
7924
7947
7947
7968
7971
7957
7952
7963
7944
7990
8004
8049
7990
7969
7999
8006
8070
8101
8091
8136
8126
8155
8127
8133
8251
8362
8455
8468
8434
8290
8167
8168
8162
8131
8158
8169
8163
8222
8331
9309
11169
11613
8399
7528
8085
8414
8348
8261
8271
8303
8371
8463
8456
8494
8545
8568
8599
8684
8758
8821
8871
9011
9122
9247
9403
9492
9523
9425
9338
9069
8855
8602
8458
8377
8372
8338
8276
8364
8375
8370
8412
8493
8502
8463
8502
8567
8547
8587
8602
8633
8611
8598
8618
8585
8639
8591
8626
8650
8650
8619
8649
8681
8725
8676
8700
8751
8802
8807
8868
8990
9068
9107
9047
8888
8839
8798
8838
8798
8728
8706
8731
8782
8822
9643
11438
12128
9079
8010
8530
8863
8787
8739
8698
8721
8705
8688
8711
8757
8809
8804
8810
8871
8923
8989
9038
9152
9262
9414
9505
9570
9560
9524
9361
9094
8887
8720
8501
8368
8318
8315
8303
8295
8306
8345
8316
8354
8353
8383
8387
8393
8378
8425
8446
8451
8448
8469
8459
8500
8519
8547
8560
8524
8536
8563
8612
8578
8605
8621
8641
8631
8602
8663
8680
8678
8650
8678
8692
8671
8757
8860
8940
9006
8933
8739
8670
8689
8660
8641
8679
8672
8651
8687
8885
10129
11935
11790
8490
8058
8601
8770
8622
8578
8617
8612
8605
8666
8691
8683
8744
8797
8832
8860
8942
8988
9049
9149
9224
9366
9450
9498
9533
9450
9323
9051
8777
8587
8430
8325
8308
8258
8240
8288
8263
8263
8301
8284
8304
8318
8311
8344
8365
8348
8331
8345
8368
8415
8425
8398
8424
8408
8419
8428
8419
8392
8429
8449
8446
8426
8410
8437
8448
8400
8417
8432
8419
8463
8457
8510
8610
8667
8745
8705
8551
8360
8364
8383
8340
8308
8363
8318
8340
8408
8801
10383
12090
10638
7798
7830
8356
8377
8243
8239
8287
8265
8293
8326
8337
8382
8416
8428
8487
8534
8614
8670
8778
8874
9018
9143
9232
9269
9272
9153
8993
8727
8517
8291
8157
8148
8066
8069
8072
8071
8072
8108
8128
8163
8207
8141
8183
8243
8237
8227
8253
8232
8259
8279
8295
8345
8343
8329
8374
8376
8387
8426
8421
8437
8407
8451
8456
8495
8492
8502
8524
8539
8510
8516
8556
8603
8619
8741
8866
8948
8867
8713
8622
8597
8606
8629
8632
8659
8649
8615
8697
9600
11737
12014
8630
7984
8513
8791
8698
8640
8647
8704
8799
8761
8765
8834
8880
8915
8994
9068
9135
9262
9347
9425
9557
9660
9770
9828
9845
9780
9703
9448
9203
8860
8748
8630
8573
8541
8524
8582
8592
8609
8584
8604
8636
8687
8698
8672
8665
8676
8674
8719
8698
8730
8739
8681
8673
{"api_key":"1234","value1":[11409,11260,8181,7868,8399,8588,8505,8416,8424,8461,8463,8474,8495,8473,8501,8568,8597,8643,8718,8802,8899,9024,9115,9168,9266,9324,9328,9252,9107,8877,8665,8489,8293,8184,8147,8134,8127,8151,8128,8156,8159,8165,8209,8168,8178,8191,8181,8146,8189,8210,8241,8221,8238,8231,8261,8249,8243,8244,8203,8194,8205,8196,8229,8252,8263,8258,8301,8272,8300,8288,8301,8304,8315,8365,8493,8582,8662,8632,8467,8324,8332,8307,8312,8318,8274,8282,8336,8389,8901,10656,11925,10046,7706,7941,8436,8378,8272,8262,8312,8322,8356,8383,8440,8499,8555,8573,8610,8664,8758,8816,8916,9036,9170,9268,9363,9409,9416,9359,9159,8926,8735,8550,8406,8284,8272,8253,8289,8277,8328,8345,8361,8336,8380,8361,8363,8353,8414,8386,8412,8419,8429,8451,8488,8466,8537,8528,8550,8548,8501,8540,8529,8498,8527,8532,8545,8543,8542,8569,8580,8587,8616,8699,8782,8889,8897,8853,8718,8602,8592,8563,8557,8536,8524,8550,8608,8663,9626,11642,12106,8914,7815,8364,8715,8543,8454,8549,8548,8580,8552,8595,8633,8684,8730,8756,8813,8867,8948,9029,9139,9257,9395,9527,9563,9579,9528,9378,9217,8975,8769,8575,8435,8346,8341,8301,8293,8319,8338,8385,8374,8372,8387,8424,8395,8441,8398,8423,8425,8457,8432,8428,8439,8431,8496,8415,8435,8421,8425,8469,8508,8527,8499,8510,8501,8522,8502,8506,8558,8542,8522,8546,8563,8664,8779,8864,8890,8793,8653,8574,8619,8611,8597,8536,8558,8600,8629,8815,10099,11930,11401,8159,7941,8492,8702,8555,8497,8489,8538,8552,8607,8625,8688,8722,8736,8771,8818,8905,8964,9032,9136,9220,9369,9449,9520,9544,9512,9331,9095,8860,8618,8480,8361,8356,8312,8376,8318,8310,8332,8380,8366,8378,8377,8404,8414,8428,8430,8410,8423,8427,8414,8393,8452,8385,8408,8452,8398,8358,8385,8383,8401,8402,8407,8431,8450,8485,8490,8487,8490,8485,8600,8704,8755,8758,8687,8548,8480,8510,8476,8482,8487,8501,8496,8544,8817,10003,11621,10879,7877,7974,8426,8627,8525,8459,8473,8528,8575,8562,8558,8602,8686,8694,8761,8791,8824,8909,8918,9014,9133,9217,9322,9361,9385,9292,9175,8907,8668,8504,8300,8240,8202,8151,8163,8180,8185,8219,8204,8261,8232,8227,8265,8313,8313,8318,8338,8373,8358,8365,8396,8421,8431,8426,8411,8392,8381,8389,8409,8472,8471,8466,8471,8492,8471,8476,8512,8488,8527,8606,8713,8805,8843,8793,8643,8550,8533,8560,8533,8538,8514,8489,8491,8550,9243,11046,11877,9059,7772,8225,8641,8530,8411,8459,8464,8500,8497,8558,8590,8597,8640,8696,8755,8747,8809,8911,9012,9090,9224,9340,9402,9438,9380,9288,9111,8835,8596,8418,8302,8222,8222,8231,8230,8239,8253,8272,8210,8269,8291,8312,8325,8411,8422,8430,8403,8450,8455,8456,8497,8506,8502,8496,8517,8524,8532,8562,8501,8505,8535,8588,8552,8532,8551,8543,8574,8591,8613,8677,8646,8693,8813,8840,8908,8897,8806,8650,8567,8558,8555,8553,8536,8535,8522,8561,8708,9808,11866,11810,8593,7984,8467,8707,8531,8498,8503,8538,8580,8621,8600,8666,8711,8749,8757,8820,8924,8970,8991,9123,9275,9379,9439,9529,9598,9540,9375,9221,8979,8755,8591,8469,8376,8362,8358,8385,8348,8377,8406,8438,8460,8443,8412,8383,8453,8482,8462,8439,8475,8494,8456,8496,8496,8552,8512,8557,8514,8537,8553,8577,8516,8561,8547,8512,8551,8552,8531,8508,8536,8514,8520,8539,8543,8583,8611,8618,8571,8622,8754,8814,8918,8896,8739,8627,8599,8661,8648,8633,8592,8616,8661,8674,9297,11019,12313,10159,7972,8243,8713,8682,8479,8488,8533,8570,8582,8566,8613,8635,8664,8710,8809,8815,8884,8952,9030,9148,9263,9396,9454,9484,9487,9418,9238,8975,8817,8592,8415,8339,8224,8267,8255,8281,8269,8317,8329,8360,8336,8385,8351,8389,8445,8402,8409,8418,8408,8424,8441,8432,8430,8461,8496,8470,8454,8467,8484,8464,8474,8516,8460,8491,8508,8452,8478,8523,8433,8410,8446,8445,8452,8435,8535,8580,8531,8596,8747,8840,8922,8852,8716,8613,8539,8535,8592,8589,8626,8615,8651,8664,9144,10831,12304,10407,7961,8207,8703,8690,8596,8568,8570,8654,8664,8726,8770,8800,8817,8845,8905,8952,9053,9112,9231,9288,9453,9591,9647,9698,9659,9542,9380,9115,8869,8739,8581,8514,8546,8498,8498,8553,8530,8530,8561,8578,8598,8571,8639,8586,8607,8640,8595,8630,8680,8643,8687,8664,8631,8608,8653,8606,8636,8670,8693,8709,8734,8732,8651,8605,8618,8604,8613,8597,8593,8637,8609,8628,8617,8626,8665,8674,8664,8701,8815,8867,8941,8888,8695,8562,8531,8605,8587,8595,8621,8618,8598,8647,9248,11049,12310,9848,7871,8331,8812,8692,8597,8655,8675,8709,8752,8794,8840,8859,8944,8952,8994,9100,9182,9320,9437,9569,9698,9838,9869,9884,9915,9818,9604,9357,9123,8977,8889,8790,8766,8735,8799,8847,8884,8909,8940,8938,8999,8926,8954,9058,9055,9069,9080,9090,9103,9144,9157,9173,9174,9152,9189,9236,9207,9219,9259,9277,9260,9259,9268,9283,9294,9239,9258,9281,9276,9264,9267,9256,9344,9440,9500,9576,9516,9411,9251,9246,9288,9255,9166,9199,9171,9215,9239,10102,11958,12490,9327,8305,8855,9242,9149,8994,9025,9060,8999,8997,9018,9059,9035,9087,9109,9175,9226,9271,9356,9457,9524,9623,9721,9751,9741,9708,9588,9393,9120,8843,8679,8552,8477,8418,8385,8352,8348,8353,8331,8332,8361,8397,8398,8384,8370,8336,8362,8368,8362,8358,8396,8387,8357,8344,8319,8307,8287,8280,8309,8308,8280,8279,8269,8276,8255,8251,8302,8283,8254,8232,8243,8307,8288,8252,8325,8468,8516,8572,8546,8403,8272,8247,8215,8203,8195,8220,8201,8178,8235,9180,11115,11537,8451,7378,7869,8163,8029,7968,8028,8011,8083,8080,8095,8151,8189,8191,8226,8279,8365,8420,8489,8617,8733,8800,8909,9011,9008,8968,8821,8634,8325,8122,7976,7881,7777,7746,7781,7808,7816,7799,7824,7829,7857,7901,7871,7888,7888,7900,7929,7934,7937,7947,7973,7971,7951,7950,7956,7952,7964,8001,8058,8006,7973,7993,7997,8044,8105,8095,8118,8130,8142,8133,8123,8194,8347,8422,8471,8451,8332,8191,8171,8188,8129,8147,8170,8159,8194,8234,8870,10562,11833,9549,7503,7864,8378,8375,8272,8258,8304,8343,8437,8454,8488,8516,8574,8573,8666,8727,8797,8850,8966,9090,9195,9348,9472,9546,9443,9403,9160,8942,8676,8500,8407,8351,8386,8276,8343,8378,8365,8396,8465,8505,8478,8482,8547,8571,8561,8591,8622,8628,8605,8614,8586,8632,8604,8607,8653,8647,8621,8638,8680,8709,8694,8685,8735,8794,8798,8855,8949,9032,9112,9064,8957,8860,8793,8825,8832,8748,8712,8720,8780,8769,9264,10838,12214,10311,7988,8377,8796,8830,8754,8703,8720,8710,8686,8707,8733,8794,8829,8796,8845,8906,8960,9038,9107,9219,9353,9474,9552,9582,9546,9432,9190,8947,8765,8565,8418,8323,8313,8303,8303,8288,8350,8313,8352,8348,8362,8386,8394,8395,8396,8461,8442,8450,8472,8455,8486,8510,8532,8558,8528,8536,8553,8596,8588,8585,8621,8623,8640,8606,8643,8674,8693,8651,8673,8691,8655,8706,8850,8899,9010,8966,8800,8681,8669,8682,8627,8673,8681,8650,8668,8732,9568,11368,12295,9408,7956,8429,8769,8677,8574,8616,8603,8604,8644,8678,8682,8717,8784,8820,8845,8901,8981,9019,9129,9181,9314,9430,9484,9527,9483,9403,9153,8858,8640,8482,8338,8318,8270,8236,8278,8260,8260,8309,8268,8302,8314,8317,8340,8354,8359,8334,8333,8371,8391,8429,8410,8397,8436,8404,8427,8422,8403,8415,8439,8453,8427,8419,8422,8455,8411,8409,8421,8425,8448,8466,8477,8588,8631,8738,8724,8639,8401,8348,8385,8354,8313,8342,8340,8327,8375,8564,9691,11694,11697,8298,7691,8215,8412,8277,8232,8278,8269,8277,8316,8338,8363,8414,8417,8467,8516,8580,8660,8737,8849,8967,9106,9207,9253,9291,9195,9069,8817,8592,8351,8179,8156,8083,8056,8070,8080,8062,8104,8109,8146,8192,8166,8151,8222,8244,8233,8241,8233,8249,8276,8283,8334,8335,8329,8367,8369,8376,8420,8426,8436,8406,8431,8458,8479,8514,8486,8519,8545,8508,8517,8538,8598,8608,8701,8831,8930,8904,8769,8641,8601,8599,8623,8632,8640,8664,8609,8651,9163,10932,12406,9702,7914,8325,8762,8725,8669,8630,8683,8779,8787,8754,8806,8869,8897,8970,9052,9108,9204,9323,9386,9528,9616,9730,9821,9841,9800,9746,9546,9278,8971,8775,8655,8580,8565,8525,8556,8590,8606,8601,8578,8634,8674,8696,8672,8679,8663,8675,8719,8707,8718,8737,8708,8668]}
Error code: -3
9259
9373
9454
9529
9559
9501
9368
9188
9025
8809
8762
8673
8662
8667
8683
8726
8739
8793
8827
8906
8936
8975
9022
9086
9086
9125
9212
9251
9297
9323
9403
9414
9449
9480
9506
9542
9591
9638
9629
9703
9751
9783
9861
9833
9845
9923
9928
9976
10036
10095
10116
10149
10141
10193
10242
10234
10325
10440
10531
10619
10610
10466
10380
10421
10449
10466
10477
10474
10493
10522
10662
11730
13540
13866
10744
9883
10425
10655
10504
10496
10544
10541
10558
10575
10596
10655
10673
10707
10704
10735
10831
10821
10880
10982
11007
11137
11224
11215
11247
11144
10983
10792
10531
10240
10008
9922
9812
9760
9785
9770
9649
9304
9032
8878
8834
8710
8649
8540
8519
8476
8469
8452
8457
8447
8390
8355
8332
8289
8295
8279
8318
8273
8292
8279
8317
8285
8298
8274
8260
8236
8229
8216
8183
8197
8218
8194
8240
8240
8277
8331
8391
8468
8488
8397
8262
8174
8135
8140
8136
8101
8095
8070
8105
8458
9666
11200
10292
7434
7418
7943
8097
7949
7859
7880
7896
7866
7877
7910
7923
7997
8008
8050
8112
8123
8210
8256
8384
8499
8589
8651
8701
8712
8626
8456
8220
7978
7747
7646
7564
7474
7447
7438
7398
7395
7429
7412
7391
7447
7481
7481
7479
7485
7446
7467
7470
7496
7504
7506
7489
7505
7506
7492
7512
7463
7471
7499
7505
7481
7492
7462
7480
7498
7537
7538
7538
7599
7725
7776
7822
7802
7649
7466
7472
7448
7446
7445
7463
7446
7436
7473
8062
9676
10870
8765
6784
7170
7610
7584
7443
7424
7406
7443
7505
7513
7530
7595
7666
7686
7735
7816
7861
7931
7991
8120
8258
8367
8458
8497
8503
8457
8256
8031
7772
7548
7446
7401
7386
7376
7389
7412
7400
7434
7471
7453
7438
7499
7570
7552
7579
7567
7625
7678
7663
7692
7706
7732
7694
7685
7758
7738
7754
7763
7764
7793
7820
7809
7805
7832
7828
7853
7857
7870
7934
7943
7963
8037
8150
8196
8334
8298
8184
8044
8043
8051
8046
8047
8075
8074
8114
8223
9359
11113
11472
8388
7526
8063
8287
8195
8181
8146
8174
8235
8301
8310
8358
8414
8426
8494
8551
8624
8684
8793
8943
9044
9208
9327
9364
9409
9410
9322
9127
8889
8709
8606
8531
8486
8489
8543
8571
8581
8658
8674
8734
8764
8846
8922
8925
8966
9061
9157
9173
9186
9204
9273
9313
9354
9386
9445
9540
9588
9653
9640
9665
9747
9802
9808
9903
9932
10020
10065
10121
10211
10183
10247
10290
10340
10395
10473
10613
10717
10778
10726
10601
10563
10529
10565
10550
10568
10632
10674
10684
10856
11939
13855
13900
10614
10086
10616
10821
10681
10630
10632
10602
10602
10655
10692
10678
10738
10770
10821
10833
10886
10962
11042
11121
11204
11276
11358
11403
11434
11355
11193
10958
10689
10476
10333
10196
10027
10028
10000
9992
9952
9949
9937
9923
9893
9886
9873
9820
9836
9746
9734
9668
9645
9621
9599
9552
9483
9449
9395
9391
9339
9335
9289
9236
9222
9177
9164
9097
9061
9017
8993
8962
8962
9002
9049
9102
9025
8908
8767
8619
8580
8509
8499
8460
8408
8415
8400
8593
9910
11496
9865
7416
7659
8125
8144
7954
7872
7865
7863
7861
7844
7822
7839
7830
7889
7954
7952
7955
8032
8080
8175
8265
8377
8437
8488
8454
8372
8217
7924
7669
7468
7347
7236
7205
7170
7165
7149
7140
7104
7155
7164
7123
7147
7172
7171
7189
7179
7189
7181
7204
7232
7240
7226
7229
7268
7253
7272
7250
7292
7286
7340
7295
7345
7389
7437
7478
7517
7627
7726
7815
7848
7764
7623
7650
7677
7705
7716
7722
7734
7729
7829
8024
9264
11011
10451
7444
7360
7879
7999
7886
7904
7907
7956
8009
8021
8083
8166
8170
8180
8258
8337
8448
8542
8595
8741
8880
9016
9110
9197
9213
9193
9015
8813
8594
8364
8251
8152
8154
8159
8139
8164
8175
8196
8153
8169
8217
8233
8289
8214
8211
8308
8287
8283
8257
8294
8285
8278
8330
8316
8320
8338
8334
8298
8282
8328
8347
8343
8342
8403
8366
8335
8399
8428
8397
8411
8469
8491
8560
8677
8700
8782
8718
8599
8475
8444
8446
8430
8405
8401
8384
8419
8469
9082
10621
11880
10070
7798
8025
8427
8388
8273
8285
8252
8295
8319
8323
8385
8426
8450
8462
8542
8583
8650
8772
8822
8907
9037
9127
9187
9265
9210
9133
8951
8733
8508
8330
8190
8151
8078
8089
8099
8152
8186
8166
8210
8250
8228
8279
8288
8307
8378
8387
8368
8434
8443
8401
8465
8502
8492
8526
8568
8595
8600
8632
8674
8685
8673
8692
8750
8781
8800
8833
8865
8944
8948
9039
9150
9221
9340
9310
9189
9044
9076
9107
9113
9118
9140
9159
9172
9287
9946
11838
12599
9938
8579
9048
9468
9379
9219
9256
9284
9289
9311
9347
9374
9406
9418
9451
9451
9510
9594
9676
9765
9883
9975
10086
10110
10181
10160
10047
9845
9582
9339
9174
9032
8945
8914
8919
8865
8833
8832
8814
8785
8802
8787
8827
8813
8736
8721
8738
8759
8739
8729
8723
8684
8689
8685
8609
8580
8592
8512
8513
8510
8544
8485
8457
8465
8437
8450
8593
8593
8620
8568
8513
8321
8280
8282
8225
8228
8229
8205
8188
8168
8348
9545
11225
10757
7738
7537
7994
8165
7987
7922
7934
7938
7938
7966
7964
8006
8053
8071
8088
8120
8213
8267
8343
8418
8541
8620
8692
8728
8773
8731
8601
8296
8073
7917
7761
7671
7645
7627
7591
7639
7616
7643
7584
7612
7635
7618
7637
7636
7686
7659
7664
7686
7638
7684
7715
7721
7699
7664
7659
7727
7712
7732
7727
7770
7753
7748
7675
7718
7762
7765
7745
7777
7776
7775
7806
7843
7810
7814
7843
7925
7990
8067
8063
7997
7866
7782
7810
7825
7788
7805
7829
7805
7870
8143
9546
11086
10524
7613
7313
7851
7900
7778
7766
7793
7801
7839
7875
7913
7930
8000
8058
8101
8171
8239
8273
8348
8492
8648
8720
8834
8912
8947
8919
8750
8524
8288
8135
8010
7934
7880
7853
7856
7912
7929
7960
7937
7970
8016
8013
8054
8048
8035
8048
8072
8050
8055
8079
8079
8159
8119
8125
8136
8195
8203
8198
8220
8246
8275
8245
8242
8240
8329
8261
8287
8316
8323
8352
8388
8361
8375
8472
8477
8522
8634
8720
8809
8730
8618
8471
8427
8442
8460
8464
8435
8440
8505
8573
9283
11163
11901
8886
7837
8286
8600
8487
8356
8415
8419
8450
8459
8484
8568
8608
8664
8692
8752
8774
8831
8941
9038
9089
9267
9408
9439
9504
9481
9343
9207
8947
8748
8580
8475
8435
8365
8349
8388
8383
8411
8451
8471
8437
8426
8486
8486
8503
8561
8520
8520
8560
8530
8548
8556
8574
8595
8590
8597
8562
8567
8559
8596
8596
8596
8598
8642
8627
8673
8618
8671
8633
8669
8688
8635
8685
8819
8912
8985
8952
8834
8753
8666
8677
8680
8643
8637
8643
8654
8696
9086
10455
11967
10200
7957
8247
8696
8690
8578
8554
8582
8548
8571
8622
8684
8684
8640
8705
8751
8727
8808
8860
8910
9016
9146
9226
9276
9304
9303
9180
8961
8713
8470
8316
8243
8217
8214
8193
8182
8186
8192
8220
8231
8244
8318
8338
8323
8342
8348
8346
8380
8397
8428
8403
8431
8430
8429
8430
8460
8465
8489
8491
8525
8518
8549
8517
8520
8552
8554
8556
8566
8598
8611
8653
8682
8587
8683
8776
8869
8942
8940
8748
8641
8647
8647
8616
8579
8592
8608
8646
8665
9242
11265
11953
9307
8004
8393
8726
8646
8554
8544
8569
8594
8610
8636
8648
8691
8738
8810
8817
8825
8889
8978
9132
9177
9298
9433
9491
9530
9510
9412
9214
9035
8799
8583
8473
8456
8435
8384
8376
8411
8414
8434
8403
8417
8471
8442
8423
8458
8456
8498
8457
8451
8484
8512
8513
8500
8525
8476
8448
8486
8503
8475
8506
8530
8551
8506
8538
8559
8503
8567
8536
8474
8515
8526
8535
8526
8581
8599
8573
8582
8640
8551
8670
8745
8852
8895
8802
8655
8563
8590
8616
8524
8578
8557
8508
8529
8632
9689
11474
11683
8767
7901
8389
8649
8487
8458
8457
8475
8556
8546
8527
8559
8623
8662
8666
8722
8782
8857
8947
8954
9088
9216
9338
9376
9421
9389
9284
9109
8835
8617
8484
8403
8337
8327
8317
8303
8283
8296
8300
8332
8288
8321
8328
8353
8355
8359
8391
8388
8403
8370
8410
8412
8421
8446
8386
8430
8429
8456
8457
8448
8442
8461
8511
8507
8476
8525
8503
8541
8559
8543
8592
8551
8571
8541
8548
8539
8565
8630
8572
8578
8655
8776
8815
8839
8766
8645
8618
8633
8607
8564
8578
8602
8602
8586
8872
10196
11790
10845
8001
8020
8533
8645
8481
8408
8412
8451
8481
8499
8492
8542
8625
8654
8677
8734
8805
8894
9010
9058
9139
9278
9360
9408
9453
9374
9216
9028
8811
8559
8397
8344
8328
8297
8305
8305
8296
8282
8327
8365
8351
8344
8369
8389
8397
8405
8405
8417
8419
8376
8364
8373
8403
8367
8379
8420
8418
8390
8407
8436
8431
8452
8398
8434
8426
8450
8410
8442
8489
8461
{"api_key":"1234","value1":[9244,9330,9424,9511,9556,9533,9423,9234,9088,8873,8768,8707,8653,8668,8673,8704,8740,8790,8807,8878,8921,8966,8999,9061,9087,9099,9177,9240,9268,9336,9372,9416,9430,9466,9501,9535,9565,9634,9624,9675,9737,9768,9838,9851,9831,9890,9931,9953,10004,10078,10110,10124,10148,10157,10244,10222,10284,10407,10485,10613,10616,10533,10378,10410,10465,10461,10476,10471,10497,10491,10552,11243,12945,14111,11861,9867,10223,10651,10558,10483,10535,10556,10542,10574,10582,10646,10658,10699,10706,10713,10811,10822,10850,10963,10977,11104,11229,11200,11245,11187,11043,10862,10616,10334,10068,9951,9853,9765,9793,9759,9743,9414,9112,8915,8853,8739,8682,8574,8521,8489,8476,8445,8457,8450,8420,8349,8342,8300,8287,8278,8315,8286,8275,8294,8308,8285,8305,8292,8254,8244,8233,8224,8189,8193,8221,8200,8231,8231,8270,8314,8374,8438,8510,8425,8287,8197,8151,8147,8140,8126,8105,8077,8097,8226,9133,10773,11086,8032,7264,7798,8096,7995,7879,7869,7883,7882,7861,7917,7909,7979,8012,8038,8094,8109,8174,8252,8316,8469,8566,8634,8685,8722,8657,8534,8301,8058,7816,7671,7600,7493,7432,7454,7409,7390,7422,7438,7373,7437,7470,7492,7482,7482,7455,7471,7465,7475,7506,7501,7499,7497,7528,7484,7500,7480,7465,7484,7526,7485,7472,7490,7469,7504,7510,7541,7524,7591,7686,7759,7818,7814,7711,7517,7461,7457,7450,7436,7465,7447,7437,7458,7730,9031,10688,9946,7012,6994,7505,7638,7472,7433,7406,7439,7475,7525,7514,7580,7658,7681,7726,7773,7840,7907,7973,8072,8216,8334,8442,8490,8496,8496,8322,8117,7858,7626,7478,7402,7404,7378,7382,7394,7408,7431,7452,7470,7446,7466,7548,7567,7558,7577,7589,7665,7657,7673,7717,7716,7712,7686,7732,7739,7763,7757,7760,7787,7816,7814,7805,7828,7833,7846,7848,7878,7907,7945,7956,8010,8115,8176,8290,8320,8220,8085,8022,8050,8055,8031,8078,8074,8091,8172,8906,10528,11700,9502,7500,7874,8268,8224,8183,8169,8158,8206,8284,8302,8338,8391,8417,8469,8539,8597,8660,8753,8890,9001,9140,9307,9347,9407,9413,9367,9204,8957,8768,8636,8543,8499,8486,8534,8551,8570,8629,8675,8725,8749,8812,8920,8915,8941,9029,9122,9183,9169,9197,9250,9312,9328,9380,9425,9512,9572,9637,9657,9652,9708,9795,9796,9885,9918,10002,10056,10081,10206,10181,10231,10284,10325,10375,10442,10577,10676,10767,10751,10640,10569,10522,10549,10564,10561,10605,10676,10673,10731,11410,13300,14273,11629,9985,10457,10808,10727,10628,10635,10614,10605,10638,10679,10680,10717,10762,10806,10821,10872,10933,11007,11095,11189,11241,11335,11394,11429,11397,11252,11056,10779,10557,10373,10232,10068,10023,10011,10002,9964,9944,9944,9930,9898,9900,9887,9822,9851,9771,9740,9700,9652,9620,9612,9590,9491,9471,9406,9392,9345,9343,9292,9254,9229,9181,9179,9130,9072,9032,8998,8975,8952,8990,9033,9094,9069,8943,8802,8661,8594,8525,8509,8459,8442,8405,8403,8430,9334,11057,10956,7759,7503,7988,8185,8023,7874,7864,7857,7865,7853,7834,7826,7829,7874,7922,7955,7943,8009,8056,8133,8238,8340,8419,8477,8470,8412,8280,8033,7731,7543,7377,7269,7209,7179,7172,7148,7153,7116,7127,7167,7131,7137,7164,7167,7179,7170,7189,7193,7193,7213,7240,7240,7216,7253,7270,7271,7250,7281,7297,7322,7303,7318,7376,7413,7467,7488,7577,7708,7771,7870,7803,7661,7626,7682,7689,7729,7713,7742,7726,7799,7859,8714,10525,11091,8168,7191,7717,8009,7917,7902,7917,7921,7998,8012,8055,8138,8184,8152,8241,8314,8418,8511,8566,8707,8837,8964,9089,9161,9209,9224,9080,8887,8659,8426,8284,8176,8155,8155,8145,8144,8175,8196,8182,8156,8196,8226,8284,8226,8212,8273,8280,8294,8259,8291,8284,8280,8309,8324,8310,8329,8336,8302,8298,8301,8336,8348,8335,8378,8397,8334,8373,8437,8403,8401,8462,8468,8538,8661,8658,8766,8748,8657,8527,8433,8446,8433,8424,8401,8383,8407,8453,8760,9931,11688,10993,8113,7864,8327,8431,8304,8273,8258,8279,8317,8325,8358,8427,8427,8473,8509,8578,8608,8756,8797,8886,8989,9108,9152,9251,9229,9170,9007,8795,8600,8400,8223,8162,8094,8083,8084,8127,8180,8167,8184,8261,8215,8265,8290,8292,8342,8390,8386,8396,8465,8384,8450,8498,8492,8514,8550,8582,8594,8612,8658,8699,8671,8682,8725,8783,8779,8823,8850,8921,8940,8998,9120,9194,9298,9333,9231,9081,9045,9117,9097,9125,9124,9154,9160,9254,9615,11212,12623,11131,8646,8877,9385,9458,9254,9240,9275,9293,9294,9346,9357,9403,9423,9442,9436,9487,9562,9651,9731,9842,9950,10050,10111,10136,10187,10088,9920,9679,9403,9225,9089,8960,8923,8910,8897,8835,8833,8827,8786,8812,8784,8802,8827,8750,8720,8734,8759,8739,8726,8737,8694,8690,8696,8633,8584,8599,8530,8506,8518,8522,8527,8457,8469,8447,8441,8542,8595,8603,8593,8546,8388,8266,8283,8240,8221,8235,8209,8208,8164,8208,9014,10766,11345,8426,7444,7836,8182,8035,7927,7929,7931,7947,7954,7967,7983,8035,8071,8080,8115,8185,8254,8323,8377,8508,8581,8680,8724,8759,8750,8666,8408,8135,7980,7800,7711,7638,7630,7597,7618,7621,7642,7599,7602,7628,7619,7635,7634,7672,7668,7645,7691,7645,7666,7707,7722,7694,7696,7648,7695,7736,7724,7723,7755,7762,7737,7713,7684,7740,7796,7729,7790,7769,7764,7794,7822,7817,7807,7822,7896,7976,8029,8083,8031,7914,7797,7800,7853,7786,7792,7829,7808,7847,7958,8920,10763,11118,8345,7214,7652,7924,7805,7762,7774,7805,7817,7860,7915,7922,7977,8040,8093,8139,8231,8251,8323,8435,8609,8694,8789,8893,8957,8931,8817,8621,8370,8184,8055,7941,7898,7863,7850,7909,7913,7971,7935,7954,8008,8008,8040,8058,8032,8053,8057,8070,8051,8066,8078,8139,8110,8145,8123,8174,8220,8188,8224,8230,8268,8264,8235,8226,8312,8278,8276,8300,8316,8343,8377,8374,8370,8430,8474,8508,8597,8687,8795,8772,8663,8501,8444,8435,8437,8461,8452,8436,8479,8546,8917,10496,12004,10039,7858,8124,8555,8557,8374,8390,8426,8432,8484,8443,8571,8593,8642,8681,8737,8761,8806,8906,9019,9063,9204,9360,9430,9490,9491,9405,9261,9038,8784,8641,8500,8451,8368,8360,8369,8384,8403,8434,8465,8459,8420,8470,8485,8491,8559,8525,8522,8557,8539,8545,8552,8566,8589,8597,8598,8555,8584,8548,8595,8593,8601,8586,8630,8630,8655,8634,8634,8657,8652,8684,8650,8652,8776,8890,8967,8964,8892,8768,8691,8667,8696,8647,8639,8649,8658,8681,8860,9859,11668,11141,8264,8092,8558,8739,8602,8550,8578,8559,8571,8602,8663,8690,8648,8677,8743,8726,8778,8842,8897,8970,9116,9196,9269,9294,9313,9234,9042,8800,8541,8364,8267,8228,8214,8190,8185,8179,8188,8209,8233,8222,8294,8323,8327,8328,8356,8340,8371,8394,8423,8409,8423,8432,8431,8440,8458,8455,8492,8497,8520,8518,8548,8530,8495,8554,8545,8568,8559,8589,8599,8644,8673,8631,8631,8747,8842,8926,8949,8827,8650,8640,8656,8620,8592,8586,8610,8636,8668,8935,10443,11987,10485,8114,8220,8673,8690,8582,8543,8555,8573,8617,8636,8638,8681,8715,8795,8827,8813,8857,8949,9097,9164,9245,9394,9479,9539,9524,9455,9294,9088,8890,8644,8504,8452,8438,8413,8372,8399,8415,8435,8407,8411,8467,8451,8429,8454,8447,8475,8484,8452,8477,8499,8504,8511,8508,8504,8458,8464,8501,8486,8497,8519,8542,8522,8523,8564,8503,8533,8558,8481,8496,8536,8540,8521,8563,8592,8613,8557,8648,8578,8631,8722,8807,8918,8841,8692,8578,8575,8609,8551,8552,8569,8515,8504,8539,9208,10948,11938,9779,7914,8205,8619,8545,8463,8451,8467,8537,8562,8514,8549,8609,8655,8653,8701,8781,8816,8909,8950,9040,9162,9326,9367,9405,9402,9326,9175,8917,8683,8527,8416,8353,8321,8318,8313,8275,8303,8301,8321,8301,8297,8341,8337,8352,8352,8381,8379,8419,8366,8400,8417,8413,8450,8398,8402,8425,8449,8459,8460,8438,8456,8505,8504,8466,8503,8525,8524,8551,8559,8568,8557,8566,8561,8539,8528,8559,8604,8596,8557,8629,8736,8812,8845,8796,8668,8607,8642,8612,8572,8570,8603,8605,8595,8665,9648,11383,11630,8589,7870,8368,8677,8524,8410,8394,8453,8462,8520,8486,8525,8593,8647,8671,8712,8770,8888,8955,9048,9110,9238,9340,9396,9453,9403,9276,9100,8880,8642,8437,8351,8324,8311,8290,8317,8290,8284,8316,8346,8371,8338,8351,8394,8373,8405,8404,8417,8419,8386,8366,8374,8384,8374,8387,8388,8419,8402,8406,8436,8424,8458,8391,8427,8412,8448,8417,8420,8483,8465]}
HTTP Response code: 
200
HTTP Response code: 
200
8111
8108
8120
8079
8063
8067
8086
8092
8059
8109
8094
8057
8043
8081
8118
8086
8092
8120
8084
8078
8100
8118
8111
8096
8120
8119
8125
8058
8068
8140
8096
8131
8132
8117
8101
8141
8139
8171
8151
8195
8184
8196
8240
8283
8325
8433
8516
8529
8417
8230
8210
8262
8254
8210
8141
8207
8172
8218
8496
9788
11564
11094
8111
7622
8137
8283
8143
8112
8137
8201
8226
8229
8260
8241
8291
8379
8367
8466
8555
8609
8702
8782
8943
9006
9130
9170
9196
9156
9019
8764
8584
8346
8204
8147
8120
8035
8054
8075
8081
8106
8135
8149
8153
8188
8138
8141
8186
8196
8261
8253
8269
8267
8264
8319
8271
8321
8373
8391
8318
8362
8413
8418
8390
8431
8467
8494
8425
8449
8457
8429
8463
8486
8507
8560
8518
8582
8563
8570
8604
8634
8652
8617
8653
8691
8832
8918
8926
8822
8670
8577
8576
8635
8601
8582
8612
8570
8603
8764
9600
11337
11792
8772
7906
8386
8685
8569
8567
8510
8495
8470
8554
8563
8555
8605
8647
8716
8702
8730
8763
8862
8960
9078
9187
9277
9318
9322
9194
9084
8834
8624
8392
8243
8183
8150
8109
8115
8095
8090
8091
8123
8137
8115
8163
8179
8149
8106
8126
8156
8177
8131
8133
8159
8119
8130
8093
8122
8128
8129
8131
8101
8138
8129
8194
8179
8187
8231
8262
8202
8240
8225
8249
8248
8266
8299
8319
8301
8282
8391
8510
8567
8585
8488
8385
8302
8280
8238
8272
8213
8218
8204
8235
8307
8800
10440
11643
9478
7572
7972
8259
8182
8089
8046
8057
8091
8156
8193
8209
8235
8277
8321
8369
8430
8499
8572
8654
8754
8856
8977
9076
9112
9040
8965
8804
8564
8383
8195
8064
8035
8034
7961
8027
7953
7973
8004
7985
8048
8068
8082
8089
8118
8101
8132
8145
8123
8129
8156
8195
8174
8225
8231
8246
8259
8269
8228
8255
8272
8276
8295
8348
8325
8320
8347
8354
8387
8351
8385
8396
8425
8437
8436
8439
8495
8519
8502
8551
8666
8727
8817
8813
8702
8579
8571
8587
8589
8594
8585
8643
8709
8736
9564
11478
12163
9281
8155
8628
9023
8866
8836
8887
8905
8970
9029
9092
9130
9269
9333
9422
9454
9582
9720
9836
9933
10073
10262
10370
10480
10554
10561
10479
10323
10110
9933
9858
9749
9721
9741
9775
9761
9834
9877
9887
9917
9977
9985
10021
10036
10047
10068
10098
10093
10086
10098
10123
10102
10126
10109
10111
10119
10131
10116
10164
10186
10231
10237
10218
10222
10230
10215
10251
10293
10259
10234
10293
10270
10252
10292
10273
10263
10293
10272
10304
10305
10304
10351
10443
10482
10513
10372
10204
10136
10132
10088
10050
10072
10015
9985
10046
10376
11703
13201
12201
9310
9398
9866
9970
9734
9661
9637
9624
9640
9645
9604
9611
9649
9682
9697
9746
9719
9786
9828
9896
9947
10030
10091
10105
10105
10041
9885
9609
9364
9111
8890
8722
8641
8574
8529
8478
8459
8477
8472
8419
8376
8368
8335
8288
8281
8296
8240
8256
8266
8189
8143
8126
8079
8073
8031
7999
7989
7978
8003
8001
7941
7910
7873
7831
7827
7806
7815
7793
7768
7761
7771
7739
7736
7862
7860
7898
7952
7845
7700
7611
7620
7565
7547
7546
7507
7529
7493
7777
9168
10666
9421
6809
6955
7435
7507
7360
7304
7328
7327
7342
7323
7351
7392
7429
7453
7487
7555
7602
7638
7730
7806
7914
8057
8171
8179
8172
8160
8035
7812
7568
7345
7227
7091
7027
7004
6983
6989
7038
7046
7048
7058
7101
7153
7096
7106
7091
7148
7148
7161
7189
7137
7157
7171
7128
7121
7140
7170
7196
7218
7238
7255
7258
7297
7311
7330
7332
7311
7318
7327
7333
7344
7371
7389
7440
7444
7507
7648
7729
7820
7745
7618
7511
7515
7517
7544
7553
7555
7522
7557
7664
8398
10299
11059
8323
7020
7436
7831
7702
7621
7662
7724
7726
7785
7827
7875
7944
8055
8073
8087
8178
8292
8410
8547
8614
8718
8856
8923
8994
8963
8803
8572
8359
8176
8077
7986
7907
7937
7972
7955
7980
7986
8042
8009
8088
8106
8104
8152
8187
8170
8228
8242
8306
8245
8310
8373
8381
8383
8426
8459
8495
8521
8488
8522
8562
8658
8649
8722
8696
8725
8766
8785
8858
8830
8871
8905
8944
9025
9021
8985
9100
9291
9380
9487
9486
9420
9370
9396
9419
9414
9440
9503
9498
9539
9660
10334
12040
13235
10823
9068
9650
9962
9860
9802
9846
9932
10017
10026
10084
10204
10223
10191
10241
10305
10407
10506
10574
10698
10847
10960
11101
11188
11255
11224
11100
10967
10742
10469
10283
10176
10105
10085
10005
10004
10019
10043
10069
10046
10054
10084
10118
10096
10097
10106
10119
10115
10062
10122
10177
10128
10110
10103
10108
10064
10050
10101
10072
10035
9963
9962
9958
9933
9940
9937
9954
9934
9902
9885
9867
9802
9848
9866
9935
10009
9944
9794
9625
9512
9518
9424
9359
9355
9329
9353
9385
10032
11727
12592
9743
8397
8870
9221
9093
8933
8893
8875
8919
8903
8958
8947
8937
8984
8947
8947
8975
9056
9110
9180
9269
9337
9426
9411
9361
9308
9139
8892
8635
8400
8222
8101
8044
8012
7922
7881
7874
7855
7830
7816
7804
7820
7760
7783
7828
7755
7741
7733
7728
7712
7678
7704
7660
7671
7642
7637
7632
7578
7562
7592
7581
7597
7614
7597
7559
7590
7598
7636
7595
7536
7560
7636
7624
7651
7702
7841
7890
7826
7688
7525
7549
7537
7557
7489
7442
7471
7475
7519
8005
9751
10970
9090
6825
6992
7456
7455
7314
7337
7376
7359
7400
7446
7463
7486
7523
7561
7557
7671
7717
7763
7871
8005
8119
8188
8289
8323
8314
8241
8129
7891
7694
7501
7369
7271
7224
7254
7202
7228
7255
7272
7299
7306
7339
7340
7339
7328
7327
7386
7405
7360
7404
7477
7453
7415
7471
7444
7445
7517
7557
7535
7586
7572
7583
7574
7575
7617
7622
7647
7687
7728
7692
7746
7803
7819
7924
8025
8041
8184
8129
7904
7884
7916
7898
7938
7991
7957
7988
8033
8183
9301
11254
9957
7376
7669
8184
8060
7999
8052
8098
8151
8129
8182
8224
8276
8321
8374
8465
8489
8541
8629
8800
8911
9064
9196
9312
9450
9458
9393
9285
9036
8768
8586
8461
8343
8344
8338
8361
8373
8358
8392
8440
8433
8460
8489
8506
8548
8517
8532
8516
8583
8591
8663
8559
8542
8609
8613
8668
8647
8659
8681
8737
8745
8702
8730
8685
8703
8755
8786
8789
8804
8815
8902
8979
9105
9089
9008
8866
8836
8829
8801
8776
8779
8823
8788
8769
9174
10704
12230
10974
8114
8245
8733
8796
8690
8655
8702
8678
8699
8738
8783
8842
8866
8916
8964
8994
9065
9184
9219
9306
9467
9564
9643
9676
9676
9608
9427
9181
8921
8725
8617
8526
8513
8512
8489
8543
8547
8565
8574
8612
8646
8587
8628
8639
8649
8689
8705
8751
8728
8721
8726
8707
8705
8693
8729
8752
8789
8804
8814
8858
8894
8883
8932
8922
8910
8960
9011
8996
9021
9040
9075
9204
9293
9400
9438
9333
9180
9157
9170
9136
9202
9125
9119
9136
9176
9376
10548
12509
12103
8992
8577
9123
9296
9147
9115
9122
9187
9208
9292
9297
9329
9366
9397
9449
9463
9486
9558
9717
9816
9919
10038
10155
10188
10221
10151
9978
9824
9628
9374
9195
9099
9018
8983
8912
8959
8965
8897
8917
8903
8877
8896
8900
8887
8912
8865
8864
8899
8821
8783
8783
8788
8825
8799
8801
8791
8795
8747
8779
8795
8685
8689
8676
8706
8691
8687
8699
8722
8688
8673
8690
8650
8656
8684
8735
8850
8912
8961
8827
8715
8581
8597
8525
8554
8510
8491
8505
8514
8732
10043
11800
11429
8178
7881
8441
8597
8421
8362
8397
8405
8478
8501
8494
8543
8593
8630
8682
8715
8755
8827
8870
8920
9074
9198
9302
9353
9344
9351
9216
9013
8782
8516
8345
8251
8226
8143
8087
8085
8120
8132
8098
8096
8138
8152
8124
8186
8177
8197
8180
8176
8205
8204
8192
8174
8167
8212
8149
8143
8175
8175
8204
8203
8240
8240
8236
8212
8198
8224
8201
8221
8278
8401
8461
8560
8467
8367
8252
8223
8218
8187
8202
8173
8173
8182
8215
8790
10474
11627
9071
7411
7870
8262
8223
8107
8101
8106
8071
8153
8165
8206
8222
8299
8397
8373
8517
8552
8684
8737
8848
8996
9073
9122
9142
9135
8979
8797
8522
8328
8147
8025
7952
7935
7944
7956
7951
7919
7909
7963
7971
7965
7998
8013
8030
8040
8071
8057
8079
8113
8105
8134
8139
8125
8131
8129
8171
8180
8172
8170
8146
8139
8167
8191
8206
8229
8264
8285
8255
8266
8290
8314
8302
8456
8536
8671
8599
8500
8427
8335
8314
8343
8337
8338
8356
8362
8454
8898
10563
11968
10393
7797
7924
8418
8432
8283
8259
8300
8401
8401
8400
8409
8461
8529
8569
8561
8614
8680
8816
8855
8965
9126
9207
9277
9333
9339
9237
9061
8789
8608
8382
8305
8238
8168
8185
8233
8241
8189
8194
8234
8238
8280
8278
8260
8333
8335
8303
8366
8329
8358
8402
8414
8413
8373
8407
8415
{"api_key":"1234","value1":[8130,8092,8143,8085,8058,8073,8070,8109,8059,8092,8107,8063,8051,8061,8116,8098,8091,8104,8095,8077,8091,8110,8105,8108,8115,8104,8142,8074,8061,8133,8105,8115,8145,8110,8105,8135,8142,8162,8153,8176,8183,8186,8220,8276,8291,8392,8479,8554,8465,8287,8191,8250,8251,8238,8141,8190,8195,8188,8308,9200,11098,11688,8772,7579,7973,8288,8187,8120,8117,8190,8214,8227,8244,8254,8266,8346,8363,8438,8525,8600,8670,8746,8897,8969,9090,9183,9174,9177,9074,8836,8656,8407,8235,8173,8121,8054,8036,8069,8071,8094,8132,8131,8144,8169,8161,8133,8185,8178,8253,8264,8248,8294,8256,8321,8274,8308,8346,8417,8324,8343,8400,8417,8400,8414,8441,8485,8445,8439,8463,8432,8438,8487,8496,8565,8516,8553,8569,8557,8599,8627,8661,8605,8653,8664,8790,8885,8949,8866,8730,8590,8572,8625,8607,8579,8594,8594,8578,8658,9240,10776,11946,9889,7905,8220,8649,8616,8548,8542,8508,8473,8523,8555,8563,8589,8629,8696,8711,8729,8752,8838,8930,9032,9151,9256,9310,9328,9243,9139,8906,8714,8439,8293,8200,8161,8125,8098,8126,8087,8078,8125,8134,8124,8140,8165,8185,8105,8120,8155,8164,8146,8125,8155,8131,8133,8103,8124,8123,8128,8143,8083,8144,8128,8181,8179,8190,8213,8265,8212,8224,8227,8245,8252,8249,8291,8295,8348,8271,8354,8494,8528,8609,8515,8440,8305,8320,8240,8271,8229,8211,8224,8218,8280,8551,9774,11483,10667,7791,7763,8222,8220,8110,8050,8046,8085,8134,8183,8200,8223,8253,8315,8352,8402,8460,8569,8612,8722,8818,8946,9036,9118,9051,8991,8862,8643,8442,8256,8096,8037,8040,7994,7988,7992,7959,7999,7983,8018,8060,8074,8088,8118,8094,8129,8130,8132,8130,8137,8200,8169,8205,8238,8249,8242,8282,8224,8235,8267,8284,8280,8329,8364,8296,8350,8346,8377,8351,8374,8385,8423,8431,8445,8431,8473,8515,8500,8530,8611,8720,8784,8816,8751,8617,8560,8569,8595,8580,8604,8608,8685,8733,9150,10842,12253,10463,8170,8416,8960,8927,8805,8885,8903,8944,8995,9082,9100,9234,9315,9397,9442,9538,9666,9803,9891,10012,10206,10341,10442,10528,10581,10507,10369,10227,9973,9904,9771,9717,9720,9773,9759,9813,9877,9869,9920,9947,9990,9996,10053,10029,10058,10093,10100,10083,10092,10121,10098,10130,10115,10092,10123,10122,10126,10142,10183,10223,10239,10205,10218,10240,10219,10248,10268,10275,10233,10265,10297,10237,10283,10281,10255,10289,10268,10301,10303,10308,10313,10428,10448,10519,10442,10253,10142,10142,10108,10055,10069,10044,9990,10039,10158,11050,12788,13038,9893,9215,9755,9979,9822,9666,9654,9622,9635,9648,9611,9616,9616,9673,9689,9746,9722,9773,9806,9870,9937,10002,10074,10111,10108,10058,9966,9710,9439,9197,8959,8773,8658,8596,8569,8481,8459,8484,8477,8445,8377,8379,8337,8300,8281,8293,8263,8243,8257,8233,8164,8124,8100,8084,8038,8020,8011,7970,7994,7991,7980,7911,7896,7845,7819,7828,7812,7798,7769,7753,7761,7764,7728,7809,7876,7854,7948,7910,7746,7621,7618,7589,7544,7551,7524,7502,7500,7534,8587,10307,10386,7265,6786,7290,7548,7402,7310,7320,7313,7339,7332,7329,7376,7424,7449,7475,7537,7574,7622,7695,7787,7879,7992,8149,8180,8171,8176,8099,7900,7643,7414,7272,7131,7054,6997,6995,6992,7004,7077,7040,7057,7090,7142,7121,7094,7096,7129,7165,7150,7167,7162,7133,7181,7139,7108,7124,7173,7175,7236,7226,7246,7248,7280,7320,7319,7339,7307,7333,7305,7341,7330,7367,7374,7430,7439,7490,7610,7691,7805,7768,7679,7522,7504,7519,7530,7550,7539,7557,7532,7620,8018,9643,11107,9500,7104,7247,7745,7768,7641,7645,7711,7734,7761,7809,7860,7910,8013,8090,8065,8149,8264,8373,8493,8598,8666,8821,8906,8975,8989,8868,8641,8425,8234,8107,8014,7918,7932,7960,7959,7978,7978,8024,8022,8067,8112,8090,8134,8179,8173,8217,8237,8290,8263,8258,8362,8374,8384,8408,8455,8482,8516,8498,8505,8543,8622,8639,8701,8715,8716,8749,8774,8840,8833,8858,8895,8927,9003,9031,8985,9043,9217,9353,9471,9491,9455,9360,9403,9419,9410,9426,9488,9503,9505,9618,9993,11487,13091,12074,9131,9426,9924,9899,9809,9824,9901,9979,10044,10051,10176,10218,10202,10212,10273,10381,10468,10556,10649,10803,10905,11057,11155,11252,11234,11155,11009,10817,10548,10334,10210,10125,10091,10038,9991,10017,10040,10065,10037,10070,10064,10136,10101,10097,10089,10128,10140,10066,10095,10157,10160,10106,10124,10100,10090,10051,10079,10084,10061,9982,9956,9970,9925,9946,9934,9949,9948,9902,9869,9914,9802,9830,9848,9905,10001,9971,9847,9669,9538,9533,9455,9370,9354,9325,9338,9377,9700,11114,12594,11034,8436,8688,9172,9149,8976,8901,8879,8909,8901,8940,8969,8932,8958,8957,8937,8965,9027,9093,9149,9242,9308,9412,9389,9395,9327,9204,8976,8729,8468,8278,8138,8054,8040,7937,7894,7875,7862,7817,7823,7812,7820,7783,7765,7834,7773,7749,7730,7730,7724,7683,7690,7684,7657,7641,7651,7611,7608,7565,7588,7589,7575,7614,7618,7543,7589,7608,7624,7619,7550,7549,7612,7615,7635,7673,7790,7894,7841,7747,7570,7513,7565,7519,7525,7441,7462,7474,7516,7717,9067,10849,10268,7099,6845,7354,7485,7351,7316,7378,7364,7389,7435,7453,7484,7516,7551,7546,7633,7710,7742,7838,7955,8107,8152,8260,8312,8336,8261,8191,7967,7754,7563,7411,7295,7227,7264,7206,7218,7256,7255,7287,7306,7319,7334,7335,7336,7321,7374,7414,7363,7386,7450,7481,7404,7453,7469,7422,7496,7565,7525,7577,7576,7568,7594,7567,7609,7612,7644,7664,7719,7713,7707,7792,7814,7868,8029,8013,8157,8162,7989,7875,7925,7898,7917,7995,7943,7969,8004,8061,8855,10677,11266,7720,7481,8074,8126,7980,8050,8081,8131,8138,8157,8210,8264,8314,8358,8439,8474,8529,8602,8729,8873,9029,9144,9267,9403,9469,9420,9331,9123,8853,8648,8500,8362,8340,8334,8354,8362,8380,8376,8428,8431,8440,8499,8492,8560,8530,8524,8525,8553,8582,8638,8606,8538,8594,8600,8643,8666,8637,8677,8719,8743,8735,8709,8703,8688,8743,8789,8789,8790,8809,8865,8954,9087,9109,9033,8925,8835,8826,8828,8776,8781,8798,8809,8770,8912,10067,11875,11939,8618,8081,8590,8824,8711,8637,8695,8703,8678,8743,8768,8826,8841,8905,8939,8980,9023,9174,9194,9250,9422,9539,9619,9674,9695,9635,9505,9269,8987,8780,8640,8555,8498,8516,8491,8521,8540,8549,8568,8587,8655,8590,8620,8635,8639,8677,8700,8723,8757,8725,8733,8718,8708,8692,8715,8738,8781,8807,8806,8830,8899,8893,8906,8942,8908,8933,9005,8993,9021,9033,9053,9156,9272,9338,9457,9378,9215,9150,9181,9135,9187,9153,9112,9138,9151,9224,10078,11962,12731,9684,8474,8956,9313,9194,9099,9120,9171,9199,9265,9293,9297,9372,9377,9441,9455,9474,9522,9664,9795,9896,10006,10122,10183,10211,10198,10029,9888,9708,9445,9259,9104,9038,9016,8909,8945,8964,8909,8908,8917,8868,8892,8903,8883,8905,8888,8851,8891,8837,8783,8789,8775,8823,8797,8798,8788,8802,8763,8745,8816,8724,8676,8684,8713,8678,8681,8693,8741,8675,8684,8709,8660,8658,8670,8699,8822,8885,8973,8867,8750,8606,8582,8552,8525,8526,8487,8499,8499,8570,9462,11376,12017,8821,7775,8253,8607,8471,8363,8400,8396,8437,8496,8493,8516,8583,8612,8674,8701,8750,8786,8873,8890,9027,9149,9276,9338,9349,9360,9275,9072,8877,8596,8387,8274,8234,8166,8093,8090,8112,8127,8122,8095,8122,8160,8112,8168,8191,8193,8185,8185,8190,8203,8189,8193,8163,8208,8158,8141,8166,8170,8202,8197,8230,8236,8244,8210,8191,8227,8210,8201,8257,8380,8435,8553,8502,8401,8284,8219,8223,8195,8193,8195,8165,8174,8216,8469,9812,11525,10361,7603,7667,8169,8270,8132,8088,8119,8071,8122,8166,8197,8220,8264,8363,8372,8467,8539,8627,8724,8815,8953,9057,9109,9146,9132,9038,8882,8591,8392,8199,8059,7978,7929,7939,7951,7965,7937,7897,7956,7969,7963,8000,7990,8016,8060,8053,8082,8056,8107,8114,8111,8142,8125,8143,8125,8168,8183,8158,8182,8144,8124,8162,8192,8195,8227,8247,8300,8258,8275,8287,8280,8306,8395,8509,8630,8648,8522,8452,8371,8306,8333,8335,8334,8360,8346,8442,8629,9885,11636,11461,8216,7804,8287,8479,8313,8257,8283,8352,8438,8381,8394,8445,8501,8552,8580,8594,8665,8781,8821,8921,9075,9175,9260,9303,9375,9272,9130,8867,8686,8456,8313,8281,8166,8183,8223,8238,8214,8178,8229,8248,8260,8283,8264,8296,8344,8303,8358,8339,8354,8392,8409,8413,8384,8400,8407]}
HTTP Response code: 
200
8564
8733
8775
8805
8799
8668
8526
8277
8014
7833
7713
7594
7603
7561
7566
7562
7582
7564
7608
7624
7674
7618
7618
7597
7602
7653
7664
7628
7616
7647
7641
7583
7613
7587
7599
7617
7582
7594
7612
7571
7603
7653
7625
7639
7665
7662
7639
7684
7668
7721
7713
7717
7705
7726
7848
7962
8029
8025
7926
7767
7722
7732
7713
7739
7740
7729
7728
7727
8143
9626
11157
9868
7116
7190
7711
7841
7627
7645
7667
7738
7791
7756
7830
7861
7870
7907
7965
8042
8115
8181
8276
8380
8543
8636
8767
8848
8900
8872
8757
8580
8377
8118
7977
7880
7860
7853
7837
7906
7840
7923
7994
7990
8051
8134
8138
8169
8239
8238
8279
8386
8357
8445
8469
8438
8559
8588
8640
8683
8723
8717
8750
8816
8847
8854
8932
8973
9011
9089
9146
9143
9199
9317
9472
9606
9674
9716
9676
9533
9479
9539
9596
9591
9626
9695
9719
9763
10132
11597
13159
12183
9291
9392
9917
10085
9909
9910
9956
9986
10042
10044
10150
10127
10191
10218
10308
10337
10360
10394
10489
10634
10669
10809
10894
11011
10967
10900
10772
10572
10376
10026
9904
9838
9797
9743
9703
9693
9697
9699
9600
9650
9660
9686
9589
9600
9616
9612
9547
9606
9516
9453
9490
9438
9440
9355
9313
9275
9300
9225
9218
9237
9219
9201
9163
9131
9117
9105
9062
9066
9014
8955
9029
9086
9185
9137
8976
8825
8714
8732
8669
8652
8636
8674
8614
8639
8909
10194
11950
11189
8067
7938
8415
8455
8320
8288
8272
8274
8262
8252
8309
8293
8349
8349
8335
8367
8435
8452
8521
8622
8743
8849
8889
8940
8948
8889
8762
8523
8333
8086
7920
7829
7780
7705
7654
7648
7691
7681
7688
7664
7644
7690
7700
7683
7672
7702
7616
7646
7603
7584
7640
7615
7597
7629
7672
7591
7570
7593
7614
7561
7572
7566
7616
7590
7616
7628
7669
7617
7596
7627
7640
7695
7782
7842
7896
7839
7635
7550
7575
7572
7544
7543
7543
7595
7593
7726
8708
10640
10810
7589
6886
7419
7698
7548
7491
7519
7520
7597
7650
7649
7699
7689
7733
7792
7824
7881
7974
8075
8183
8264
8402
8467
8594
8631
8583
8454
8254
8040
7818
7628
7607
7519
7495
7502
7523
7564
7597
7567
7626
7616
7586
7605
7624
7660
7715
7692
7753
7738
7751
7825
7793
7795
7828
7820
7866
7886
7887
7931
7898
7908
7930
7996
7997
7991
7970
8090
8205
8322
8358
8245
8119
8083
8083
8128
8091
8132
8121
8131
8171
8332
9618
11357
10696
7663
7669
8159
8351
8263
8218
8185
8247
8313
8376
8379
8407
8468
8491
8546
8599
8703
8747
8864
8990
9144
9239
9346
9394
9395
9310
9175
8920
8677
8530
8388
8305
8338
8274
8257
8293
8365
8356
8330
8348
8377
8371
8378
8470
8400
8414
8460
8497
8473
8472
8469
8467
8539
8552
8526
8558
8530
8548
8551
8578
8567
8563
8653
8626
8646
8668
8693
8653
8701
8756
8878
8962
9017
8935
8774
8677
8668
8688
8673
8639
8643
8678
8699
8784
9929
11895
11839
8765
7988
8522
8747
8582
8561
8552
8571
8634
8657
8630
8675
8735
8774
8816
8944
8961
8958
9106
9199
9353
9470
9564
9568
9634
9588
9462
9203
8984
8748
8526
8437
8411
8413
8374
8341
8370
8433
8451
8381
8433
8456
8465
8481
8479
8485
8504
8545
8474
8406
8440
8519
8524
8523
8571
8590
8499
8459
8488
8525
8602
8544
8536
8575
8607
8551
8583
8635
8652
8707
8719
8865
8984
9019
8899
8743
8683
8705
8708
8548
8597
8607
8604
8663
8867
10047
11842
11849
8462
7977
8530
8709
8576
8568
8606
8580
8617
8582
8686
8701
8743
8827
8861
8935
8966
9058
9156
9177
9369
9506
9557
9673
9686
9646
9479
9325
9058
8853
8686
8582
8620
8544
8556
8562
8573
8607
8666
8671
8691
8709
8719
8765
8741
8740
8821
8801
8794
8801
8812
8834
8838
8821
8813
8814
8854
8900
8846
8827
8825
8869
8869
8862
8905
8943
8939
8940
8978
9125
9222
9306
9302
9225
9075
9008
9004
9015
9004
9014
9048
9035
9132
9325
10415
12087
11744
8560
8433
8953
9199
9057
8920
8968
8965
8917
8923
8985
9023
9003
9053
9147
9076
9106
9237
9318
9374
9505
9619
9666
9749
9740
9704
9558
9283
9052
8817
8701
8626
8542
8539
8533
8481
8436
8399
8404
8446
8450
8421
8430
8484
8433
8380
8412
8420
8428
8431
8439
8397
8386
8413
8407
8443
8445
8384
8387
8393
8382
8407
8391
8429
8416
8386
8383
8383
8427
8425
8478
8587
8711
8617
8538
8426
8361
8352
8342
8371
8380
8391
8346
8398
8997
10882
11908
9750
7724
8036
8523
8425
8318
8310
8361
8437
8447
8507
8572
8621
8612
8697
8768
8864
8899
9027
9197
9278
9406
9556
9674
9685
9756
9710
9490
9294
9094
8967
8859
8788
8796
8802
8811
8819
8864
8901
8907
8936
9017
9024
9089
9143
9126
9176
9171
9208
9278
9334
9303
9313
9374
9406
9398
9399
9462
9481
9461
9503
9470
9502
9492
9536
9549
9578
9605
9626
9605
9610
9632
9627
9641
9693
9761
9827
9849
9776
9612
9526
9526
9512
9485
9479
9462
9499
9496
9536
10101
11973
13094
10772
8578
8900
9385
9349
9160
9132
9202
9219
9175
9142
9146
9194
9212
9174
9139
9196
9265
9350
9375
9450
9544
9641
9746
9705
9678
9577
9379
9106
8811
8631
8530
8400
8346
8344
8272
8232
8273
8262
8260
8258
8249
8265
8243
8246
8274
8223
8202
8198
8240
8200
8169
8198
8178
8116
8200
8203
8184
8167
8155
8203
8190
8175
8190
8212
8218
8193
8198
8190
8166
8187
8167
8173
8181
8155
8213
8326
8366
8353
8275
8098
8094
8063
8005
7995
7997
7988
7935
7977
8318
9530
11234
10492
7415
7391
7900
8064
7887
7807
7843
7884
7911
7926
7962
8036
8046
8079
8082
8102
8248
8288
8338
8473
8602
8720
8795
8849
8800
8727
8616
8313
8063
7876
7740
7698
7676
7558
7650
7673
7661
7684
7712
7724
7778
7771
7776
7820
7855
7893
7903
7924
7986
8017
8041
8023
8027
8091
8109
8114
8168
8203
8212
8257
8274
8301
8367
8444
8424
8487
8550
8596
8654
8801
8895
8927
8856
8773
8745
8725
8731
8743
8779
8832
8829
8900
9325
10610
12148
10886
8367
8583
9038
9197
9067
9056
9103
9151
9218
9235
9204
9262
9346
9418
9470
9522
9563
9708
9783
9827
9993
10136
10210
10274
10328
10239
10108
9927
9705
9500
9373
9225
9187
9144
9179
9184
9162
9183
9222
9197
9169
9231
9252
9224
9225
9260
9233
9253
9251
9218
9217
9195
9190
9207
9182
9145
9164
9173
9097
9082
9128
9091
9098
9117
9055
9093
9073
9069
9052
9099
9206
9220
9252
9157
9017
8909
8903
8845
8779
8787
8839
8744
8745
8819
9663
11562
12050
9240
7957
8408
8672
8522
8461
8462
8455
8464
8451
8442
8500
8462
8501
8500
8557
8618
8623
8665
8749
8899
8990
9044
9115
9147
9097
8992
8841
8511
8291
8053
7909
7836
7830
7818
7808
7831
7790
7824
7826
7810
7799
7759
7790
7828
7800
7767
7754
7755
7768
7733
7741
7761
7775
7699
7768
7747
7745
7742
7735
7723
7740
7768
7833
7836
7783
7785
7815
7813
7804
7828
7928
7998
8132
8087
7994
7805
7736
7758
7755
7756
7703
7724
7712
7745
7877
8937
10934
10884
7765
7046
7549
7743
7608
7598
7657
7648
7688
7721
7745
7834
7860
7877
7929
7997
8061
8122
8232
8354
8489
8621
8738
8808
8860
8789
8706
8463
8230
8023
7883
7773
7703
7665
7689
7686
7701
7711
7723
7716
7806
7795
7749
7786
7809
7816
7841
7900
7903
7858
7928
7977
7926
7950
7994
7984
7999
8023
7991
8079
8021
8045
8039
8077
8034
8062
8139
8134
8160
8195
8271
8405
8468
8447
8365
8317
8246
8305
8281
8260
8256
8266
8286
8331
8670
9983
11482
10619
7727
7790
8306
8455
8385
8302
8369
8438
8408
8446
8502
8554
8626
8669
8724
8716
8792
8897
9031
9084
9213
9383
9521
9617
9607
9560
9436
9228
9025
8908
8765
8684
8604
8635
8658
8702
8741
8746
8785
8838
8875
8858
8904
8969
9005
9012
9110
9064
9105
9130
9130
9169
9197
9211
9214
9246
9252
9280
9311
9365
9418
9454
9481
9473
9505
9570
9685
9750
9782
9700
9602
9552
9556
9602
9571
9555
9600
9651
9656
9736
10560
12304
12857
10083
8989
9419
9726
9618
9525
9569
9597
9602
9615
9669
9692
9712
9776
9821
9853
9865
9873
9971
10055
10176
10261
10373
10445
10485
10400
10315
10115
9837
9616
9411
9271
9160
9117
9070
9054
9047
9050
9041
9036
9060
9013
8976
8994
8978
9005
9031
9030
8988
8949
8940
8913
8880
8897
8975
9018
8992
8983
8953
8922
8918
8891
8920
8913
8851
8831
8812
8804
8761
8609
8624
8714
8759
8844
8732
8621
8474
8437
8384
8392
8384
8362
8384
8394
8468
9119
11018
11888
9091
7545
7998
8327
8096
8072
8064
8098
8096
8111
8139
8168
8197
8203
8233
8285
8308
8422
8513
8574
8710
8825
8938
8981
{"api_key":"1234","value1":[8512,8697,8774,8783,8825,8717,8573,8371,8092,7884,7743,7624,7590,7602,7557,7553,7582,7563,7587,7623,7651,7645,7610,7617,7593,7640,7671,7641,7613,7638,7661,7597,7595,7595,7587,7618,7597,7584,7627,7581,7594,7636,7635,7634,7642,7685,7634,7679,7668,7711,7730,7696,7724,7700,7801,7951,7976,8059,7964,7812,7738,7718,7723,7735,7740,7729,7730,7735,7874,8987,10798,10819,7634,7042,7568,7839,7701,7629,7668,7701,7801,7750,7796,7858,7870,7903,7938,8021,8095,8162,8242,8336,8487,8602,8739,8813,8900,8885,8816,8628,8462,8182,8049,7866,7890,7831,7850,7893,7857,7888,7993,7981,8027,8107,8162,8118,8249,8234,8250,8357,8354,8435,8481,8417,8529,8573,8622,8669,8737,8707,8729,8783,8865,8824,8904,8979,8987,9073,9155,9134,9195,9267,9421,9564,9659,9708,9707,9561,9486,9515,9589,9598,9603,9677,9724,9755,9903,10903,12830,13054,9860,9231,9745,10122,9949,9889,9953,9963,10046,10026,10125,10125,10183,10201,10278,10332,10361,10382,10445,10596,10646,10748,10868,10980,11000,10911,10816,10651,10447,10144,9932,9847,9821,9764,9703,9698,9691,9707,9624,9639,9653,9691,9614,9580,9606,9629,9562,9584,9569,9457,9484,9454,9441,9385,9333,9272,9317,9235,9208,9231,9225,9223,9167,9147,9105,9113,9065,9077,9027,8973,8999,9071,9142,9194,9018,8893,8724,8735,8675,8668,8636,8669,8635,8614,8729,9617,11484,11948,8787,7797,8266,8495,8350,8292,8280,8288,8252,8259,8290,8303,8333,8353,8336,8353,8412,8459,8478,8592,8701,8839,8885,8918,8945,8911,8828,8613,8406,8163,7967,7853,7806,7722,7651,7650,7684,7696,7689,7677,7651,7668,7720,7683,7667,7695,7654,7616,7614,7590,7621,7624,7590,7616,7677,7593,7587,7560,7618,7572,7565,7567,7584,7609,7603,7610,7668,7647,7592,7622,7623,7689,7749,7819,7879,7883,7703,7548,7581,7585,7569,7537,7540,7578,7584,7643,8225,10072,11110,8656,6811,7208,7678,7594,7499,7522,7504,7573,7631,7655,7682,7707,7706,7776,7825,7856,7943,8046,8136,8248,8355,8432,8554,8647,8599,8510,8322,8109,7898,7675,7602,7550,7503,7501,7509,7550,7589,7581,7619,7615,7602,7591,7618,7649,7706,7695,7726,7748,7733,7802,7804,7788,7817,7831,7848,7879,7876,7918,7916,7896,7916,7967,8013,7988,7987,8037,8168,8267,8378,8273,8159,8089,8074,8126,8083,8123,8123,8138,8123,8243,8972,10876,11412,8306,7496,8009,8329,8310,8220,8201,8226,8283,8373,8388,8393,8449,8484,8523,8579,8666,8751,8806,8948,9090,9200,9304,9388,9401,9344,9230,9023,8744,8574,8438,8322,8311,8305,8247,8281,8347,8358,8352,8329,8373,8377,8367,8468,8412,8401,8457,8495,8471,8481,8477,8460,8514,8545,8537,8540,8533,8534,8548,8561,8579,8558,8611,8634,8634,8655,8687,8667,8682,8750,8830,8939,9014,8971,8825,8697,8674,8692,8680,8644,8650,8660,8680,8705,9390,11319,12245,9622,7963,8337,8733,8647,8546,8571,8545,8624,8662,8634,8647,8714,8775,8789,8893,8952,8950,9060,9166,9299,9444,9522,9573,9605,9614,9535,9280,9054,8827,8590,8455,8407,8409,8389,8340,8360,8421,8465,8396,8419,8465,8454,8473,8475,8484,8490,8529,8499,8414,8425,8498,8536,8504,8575,8575,8540,8475,8469,8507,8572,8579,8535,8570,8575,8598,8539,8625,8646,8687,8697,8824,8929,9037,8956,8788,8687,8695,8732,8579,8576,8619,8604,8631,8747,9502,11277,12209,9515,7857,8334,8713,8617,8551,8602,8588,8611,8579,8646,8719,8711,8792,8848,8893,8972,9017,9122,9173,9297,9469,9539,9625,9697,9665,9542,9364,9143,8916,8737,8610,8609,8555,8548,8592,8545,8586,8638,8685,8691,8716,8700,8739,8762,8724,8803,8797,8794,8804,8794,8839,8835,8836,8813,8808,8834,8884,8863,8829,8818,8850,8860,8881,8876,8915,8963,8925,8961,9073,9214,9257,9321,9263,9109,9032,9011,9008,9020,8991,9059,9030,9107,9201,9923,11603,12228,9351,8280,8790,9170,9130,8935,8962,8966,8949,8903,8959,9019,9007,9030,9123,9089,9089,9174,9303,9356,9471,9590,9632,9741,9749,9710,9646,9380,9121,8886,8732,8661,8568,8540,8537,8497,8457,8415,8394,8428,8465,8429,8435,8450,8451,8374,8406,8414,8429,8447,8420,8427,8376,8407,8413,8433,8475,8393,8399,8388,8378,8402,8397,8424,8413,8410,8379,8377,8401,8434,8440,8551,8674,8663,8569,8482,8351,8358,8344,8366,8374,8410,8347,8370,8604,10165,11777,10954,7966,7840,8456,8472,8342,8300,8350,8423,8449,8496,8556,8612,8616,8658,8737,8827,8889,8970,9159,9249,9344,9517,9641,9673,9748,9722,9563,9381,9149,9001,8890,8803,8791,8795,8812,8810,8852,8862,8924,8909,9002,9025,9065,9137,9125,9163,9175,9183,9241,9323,9337,9294,9364,9402,9399,9392,9436,9468,9468,9505,9472,9506,9482,9529,9549,9567,9594,9612,9618,9594,9639,9625,9636,9678,9740,9794,9861,9810,9674,9537,9529,9528,9484,9490,9452,9482,9488,9537,9836,11246,12992,12068,8832,8713,9287,9403,9216,9119,9177,9230,9167,9169,9142,9169,9235,9179,9146,9165,9254,9306,9375,9426,9500,9601,9745,9702,9695,9635,9454,9184,8919,8683,8565,8433,8350,8361,8304,8230,8244,8278,8258,8268,8224,8275,8250,8261,8251,8257,8196,8212,8209,8239,8169,8173,8210,8127,8174,8229,8169,8201,8146,8186,8203,8181,8176,8211,8234,8188,8209,8197,8165,8180,8185,8155,8175,8176,8155,8316,8347,8377,8318,8147,8082,8065,8025,8009,7977,8027,7937,7961,8093,9004,10756,11240,8097,7219,7765,8089,7963,7815,7815,7866,7921,7915,7951,8010,8035,8089,8081,8079,8220,8276,8303,8429,8566,8681,8775,8816,8842,8747,8665,8420,8148,7925,7794,7686,7719,7569,7621,7673,7656,7683,7689,7730,7772,7762,7786,7796,7842,7890,7891,7908,7976,7999,8049,8020,8029,8061,8119,8101,8158,8202,8201,8242,8274,8285,8333,8433,8437,8466,8520,8592,8618,8749,8864,8917,8897,8801,8741,8737,8728,8738,8767,8826,8817,8876,9071,10001,11793,11828,8793,8398,8905,9189,9119,9045,9093,9130,9184,9268,9183,9250,9324,9393,9449,9517,9531,9662,9768,9799,9942,10113,10180,10257,10319,10274,10163,10009,9776,9559,9416,9276,9180,9163,9163,9188,9152,9180,9218,9212,9164,9213,9257,9239,9217,9245,9242,9242,9267,9227,9215,9202,9185,9220,9180,9159,9164,9165,9133,9088,9102,9108,9083,9132,9063,9077,9094,9067,9043,9074,9198,9195,9259,9180,9058,8940,8890,8880,8792,8778,8828,8790,8726,8777,9245,10931,12223,10193,8041,8219,8644,8576,8461,8456,8450,8488,8433,8450,8470,8492,8482,8501,8543,8586,8630,8641,8714,8845,8956,9034,9091,9145,9107,9038,8899,8616,8358,8128,7946,7864,7820,7824,7790,7832,7794,7817,7825,7827,7795,7776,7773,7822,7823,7760,7764,7758,7761,7743,7738,7751,7790,7719,7750,7752,7751,7741,7731,7724,7751,7752,7828,7841,7794,7790,7794,7803,7806,7809,7902,7982,8081,8134,8031,7881,7736,7751,7753,7766,7728,7705,7714,7709,7794,8432,10350,11316,8837,7013,7370,7757,7649,7589,7633,7662,7683,7704,7741,7791,7887,7866,7918,7982,8037,8093,8197,8305,8437,8559,8723,8792,8841,8821,8740,8553,8311,8083,7916,7806,7710,7684,7670,7687,7699,7711,7713,7711,7785,7806,7755,7767,7824,7797,7837,7872,7915,7885,7885,7978,7955,7928,7982,7986,7995,8028,7978,8064,8053,8027,8040,8051,8070,8045,8104,8144,8137,8189,8234,8368,8450,8463,8390,8333,8262,8266,8311,8256,8275,8260,8269,8322,8447,9395,11140,11429,8288,7627,8153,8456,8404,8318,8345,8409,8426,8422,8499,8529,8599,8654,8717,8722,8765,8845,9003,9075,9151,9324,9472,9578,9623,9593,9480,9308,9084,8946,8810,8699,8626,8621,8648,8672,8728,8742,8774,8810,8883,8864,8876,8958,8993,9004,9083,9090,9088,9138,9120,9141,9207,9204,9200,9240,9254,9261,9298,9332,9425,9440,9460,9471,9482,9530,9658,9722,9791,9733,9634,9556,9543,9598,9582,9550,9580,9635,9648,9669,10140,11815,12994,11259,8995,9257,9692,9661,9539,9551,9602,9607,9595,9659,9676,9703,9752,9803,9835,9862,9846,9939,10031,10135,10246,10331,10433,10473,10433,10358,10194,9936,9696,9470,9295,9194,9134,9089,9046,9055,9046,9041,9037,9054,9047,8971,8984,8998,8992,9024,9042,8993,8966,8946,8925,8900,8870,8959,9005,9007,8974,8971,8922,8921,8896,8912,8918,8871,8841,8815,8815,8792,8637,8609,8707,8734,8840,8777,8660,8520,8443,8408,8379,8393,8357,8378,8383,8438,8755,10320,11883,10364,7670,7786,8298,8178,8082,8063,8090,8088,8114,8134,8148,8191,8196,8217,8274,8286,8388,8490,8541,8657,8794,8908,8968]}
HTTP Response code: 
200
HTTP Response code: 
200
9376
9343
9356
9348
9353
9480
10287
12295
12958
9900
8666
9139
9530
9414
9354
9373
9446
9431
9465
9527
9584
9644
9650
9719
9729
9810
9825
9918
10013
10106
10218
10303
10374
10342
10264
10116
9864
9656
9425
9280
9168
9049
9027
8980
8936
8945
8939
8945
8957
8944
8939
8895
8924
8880
8889
8815
8811
8855
8842
8830
8823
8802
8768
8754
8756
8722
8724
8695
8694
8651
8646
8642
8643
8609
8626
8641
8621
8593
8545
8541
8676
8722
8820
8749
8677
8484
8401
8363
8337
8328
8335
8304
8291
8324
8803
10459
11695
9578
7426
7890
8259
8214
8045
8023
8064
8105
8085
8102
8147
8159
8169
8194
8246
8360
8379
8485
8522
8617
8730
8816
8874
8910
8897
8814
8590
8360
8102
7890
7755
7701
7696
7630
7620
7661
7672
7679
7702
7694
7706
7745
7746
7732
7744
7728
7713
7733
7742
7747
7747
7735
7713
7743
7719
7724
7738
7758
7745
7759
7750
7783
7823
7854
7797
7852
7944
8026
8110
8067
7925
7774
7819
7804
7797
7781
7794
7784
7855
7906
8399
9999
11099
8957
7070
7459
7853
7902
7780
7776
7785
7789
7807
7844
7876
7921
7924
7952
8030
8077
8144
8242
8351
8448
8588
8677
8724
8766
8786
8718
8564
8369
8141
7919
7800
7742
7704
7722
7748
7731
7765
7791
7859
7872
7893
7938
7957
7962
7940
8021
8029
8019
8001
8050
8070
8065
8077
8100
8136
8128
8139
8128
8159
8190
8212
8245
8253
8235
8275
8285
8331
8379
8354
8409
8512
8567
8679
8649
8528
8369
8340
8371
8371
8403
8384
8372
8407
8450
8837
10628
11922
10057
7797
8085
8558
8502
8410
8421
8400
8433
8456
8490
8533
8605
8638
8701
8749
8827
8893
8962
9068
9174
9309
9425
9512
9618
9629
9543
9359
9121
8937
8754
8630
8563
8548
8562
8587
8592
8629
8667
8654
8696
8721
8740
8769
8754
8788
8770
8799
8793
8815
8849
8862
8876
8871
8882
8870
8902
8939
8947
8990
8995
9000
9059
9058
9041
9082
9085
9107
9112
9131
9122
9166
9205
9259
9363
9459
9487
9344
9198
9118
9155
9156
9151
9140
9139
9165
9176
9423
11191
12668
10877
8393
8651
9124
9096
8994
8984
9005
8997
9056
9087
9082
9127
9115
9162
9177
9226
9284
9358
9422
9523
9652
9769
9813
9859
9862
9691
9473
9240
9000
8814
8688
8596
8576
8535
8538
8506
8508
8527
8552
8542
8505
8516
8547
8522
8508
8487
8472
8484
8528
8520
8501
8474
8484
8465
8483
8468
8464
8493
8497
8470
8449
8459
8469
8498
8462
8466
8480
8528
8528
8497
8572
8686
8776
8811
8683
8519
8406
8434
8438
8432
8432
8433
8415
8452
8477
9226
11009
11754
8679
7677
8160
8506
8406
8322
8356
8370
8378
8398
8441
8467
8507
8512
8517
8567
8595
8682
8802
8919
9029
9159
9246
9322
9352
9289
9126
8903
8704
8450
8282
8160
8088
8082
8083
8065
8099
8103
8131
8131
8145
8175
8153
8151
8140
8149
8180
8181
8205
8180
8193
8192
8193
8182
8159
8147
8172
8198
8183
8184
8170
8179
8175
8199
8252
8212
8268
8284
8282
8332
8441
8508
8538
8497
8393
8248
8255
8265
8259
8190
8213
8239
8281
8380
9228
11012
11404
8242
7566
8112
8394
8273
8237
8219
8268
8294
8296
8340
8396
8409
8435
8468
8533
8616
8701
8779
8862
9052
9161
9258
9334
9325
9278
9132
8883
8653
8468
8253
8203
8178
8180
8181
8214
8168
8189
8223
8224
8283
8322
8275
8320
8334
8315
8356
8337
8334
8390
8393
8403
8385
8345
8372
8371
8346
8344
8351
8371
8380
8393
8406
8408
8426
8463
8502
8482
8479
8553
8511
8604
8649
8735
8825
8835
8708
8581
8527
8512
8542
8557
8569
8583
8579
8630
9379
11133
12150
9450
7815
8226
8635
8575
8496
8517
8532
8554
8604
8624
8611
8638
8650
8754
8790
8807
8922
8984
9100
9211
9329
9436
9522
9558
9596
9475
9323
9098
8838
8641
8515
8426
8396
8389
8391
8388
8390
8472
8506
8503
8489
8482
8516
8534
8552
8548
8554
8559
8554
8562
8587
8611
8544
8629
8654
8650
8652
8688
8677
8735
8720
8727
8755
8804
8772
8841
8931
9006
9096
9049
8915
8810
8782
8782
8751
8775
8799
8777
8759
8812
9357
10952
12273
9980
8015
8399
8842
8920
8814
8828
8850
8886
8890
8924
8961
9020
9043
9140
9209
9276
9326
9435
9550
9681
9796
9881
9923
9954
9943
9892
9681
9465
9271
9089
8977
8926
8893
8870
8886
8857
8863
8903
8925
8932
8940
8964
9035
9042
9038
9091
9113
9122
9159
9141
9248
9297
9192
9206
9210
9227
9175
9236
9279
9454
9388
9492
9561
9647
9585
9448
9365
9401
9384
9371
9359
9334
9371
9362
9438
10137
12036
12903
10142
8582
9111
9478
9383
9305
9298
9322
9327
9311
9285
9331
9292
9295
9347
9390
9441
9485
9557
9651
9823
9920
9976
10022
10048
9962
9771
9497
9223
9033
8867
8787
8701
8627
8598
8581
8571
8525
8501
8461
8453
8463
8424
8424
8393
8369
8360
8334
8354
8342
8322
8339
8304
8287
8295
8283
8270
8250
8248
8231
8281
8411
8489
8549
8421
8260
8162
8164
8096
8149
8153
8110
8092
8044
8117
9150
10927
11236
7894
7354
7878
8108
7952
7908
7924
7947
7972
7966
8018
8080
8115
8157
8230
8284
8348
8398
8486
8538
8685
8778
8831
8895
8895
8818
8677
8431
8180
8024
7908
7817
7764
7706
7712
7742
7752
7730
7757
7767
7819
7837
7851
7872
7868
7887
7930
7893
7865
7920
7879
7930
7922
7958
7887
7929
8092
8154
8199
8125
7995
7909
7902
7870
7804
7829
7862
7834
7835
7902
8436
10137
11441
9443
7124
7594
7986
7931
7854
7906
7956
7953
7982
8043
8060
8127
8178
8278
8314
8373
8439
8564
8692
8816
8905
9019
9057
9061
9040
8947
8739
8471
8231
8159
8031
7989
7964
7964
7991
8008
8020
8017
8076
8125
8089
8140
8127
8167
8164
8193
8207
8259
8214
8243
8291
8292
8309
8353
8498
8498
8518
8436
8300
8301
8283
8374
8211
8257
8287
8310
8336
8477
9476
11130
11356
8314
7684
8194
8462
8433
8371
8410
8438
8411
8446
8418
8493
8548
8596
8619
8673
8754
8893
8869
9004
9185
9216
9292
9323
9274
9228
9120
8917
8675
8494
8387
8362
8337
8308
8262
8285
8304
8341
8375
8488
8363
8409
8438
8480
8520
8517
8567
8509
8579
8626
8688
8662
8699
8788
8859
8784
8929
9010
9123
9018
8858
8841
8885
8880
8901
8940
8996
9010
9018
9059
9513
10997
12437
10706
8509
8739
9241
9177
9113
9175
9204
9260
9327
9370
9412
9411
9488
9580
9621
9673
9799
9908
10044
10093
10189
10362
10438
10467
10384
10274
10037
9829
9681
9547
9515
9514
9430
9448
9470
9525
9532
9579
9604
9593
9592
9611
9702
9647
9638
9729
9660
9709
9691
9637
9675
9744
9664
9688
9702
9721
9670
9671
9729
9684
9699
9648
9667
9658
9663
9597
9588
9581
9688
9776
9846
9783
9660
9499
9453
9411
9378
9377
9356
9333
9329
9314
9831
11435
12800
10817
8539
8815
9143
9134
9015
9004
9003
9012
9015
9028
9040
9049
9069
9165
9106
9114
9188
9305
9316
9411
9533
9527
9553
9598
9554
9384
9162
8970
8800
8569
8390
8390
8384
8262
8263
8317
8282
8268
8317
8222
8139
8201
8073
8229
8248
8228
8214
8151
8115
8132
8131
8134
8128
8035
7964
8090
8075
8119
8147
8143
8156
8141
8162
8084
8085
8106
8250
8142
8251
8333
8397
8410
8368
8301
8255
8144
7957
8019
8048
8118
8132
8161
8565
9844
11023
9410
7462
7665
8116
8019
7686
7579
7694
7718
7660
7807
7836
7520
7611
7630
7610
7880
7950
7811
7886
7828
8024
8174
8330
8325
8336
7761
7927
7989
7540
7424
7468
7346
7252
7382
7429
7268
7359
7141
7358
7385
7351
7512
7541
7462
7373
7322
7284
7253
7123
7587
7565
7454
7431
7509
7486
7242
7422
7747
7647
7616
7601
7605
7612
7673
7711
7900
7888
7782
7684
7799
7848
7799
7729
7799
7848
7729
7759
7945
8161
9672
10778
9191
7461
7765
7986
8074
7956
7874
7984
8060
8083
7975
8187
8036
7867
8378
8392
8401
8473
8558
8417
8470
8641
8969
8969
9048
9009
8885
8783
8198
8332
8309
8093
8110
8154
7918
8162
8131
8131
8170
8082
8239
8417
8253
8207
8268
8285
8386
8422
8406
8479
8360
8407
8473
8433
8470
8485
8481
8523
8552
8608
8623
8648
8656
8685
8764
8842
8996
9031
8855
8717
8768
8788
8773
8713
8724
8912
8840
8731
9127
10289
11744
10707
8198
8356
8872
8987
8736
8681
8705
8508
8562
8878
8818
8758
8954
8834
8924
8989
9003
9079
9170
9264
9365
9519
9481
9406
9660
9629
9266
8985
8859
8732
8659
8578
8569
8536
8454
8479
8761
8772
8669
8580
8631
8646
8657
8599
8617
8653
8783
8735
8648
8684
8690
8724
8730
8702
8771
8678
8650
8733
8739
8723
8698
8702
8692
8660
8710
8707
8729
8745
8708
8726
8738
8807
8915
8971
8911
8830
8661
8728
8710
8670
8586
{"api_key":"1234","value1":[9393,9338,9357,9340,9348,9400,9884,11616,13039,11141,8720,8922,9471,9461,9362,9369,9422,9435,9451,9495,9571,9623,9649,9694,9736,9790,9828,9871,9988,10071,10187,10275,10368,10366,10297,10174,9953,9738,9504,9308,9208,9086,9032,9000,8939,8947,8943,8943,8962,8940,8949,8902,8912,8897,8887,8840,8808,8839,8855,8829,8831,8810,8768,8758,8747,8733,8707,8704,8693,8681,8640,8636,8642,8629,8621,8639,8632,8601,8556,8527,8631,8707,8792,8778,8706,8552,8420,8380,8335,8340,8316,8319,8283,8322,8525,9796,11467,10801,7596,7723,8161,8277,8077,8010,8050,8089,8081,8096,8128,8165,8172,8184,8222,8321,8380,8449,8514,8581,8689,8788,8862,8910,8900,8849,8676,8427,8199,7947,7793,7717,7693,7658,7608,7656,7669,7675,7707,7693,7703,7733,7755,7728,7743,7738,7711,7720,7740,7750,7746,7730,7722,7735,7721,7722,7725,7745,7755,7749,7745,7778,7807,7864,7802,7826,7917,7997,8090,8102,7995,7800,7803,7805,7800,7786,7789,7781,7834,7916,8119,9341,10998,10191,7235,7292,7736,7930,7815,7777,7778,7776,7807,7824,7864,7906,7936,7934,8010,8055,8128,8208,8320,8402,8544,8658,8712,8756,8793,8739,8629,8425,8231,7956,7840,7755,7717,7704,7757,7726,7751,7783,7833,7874,7880,7931,7946,7973,7936,7993,8037,8023,7996,8034,8063,8067,8075,8092,8125,8126,8151,8125,8140,8185,8195,8249,8244,8243,8256,8286,8312,8377,8354,8381,8479,8555,8649,8682,8577,8406,8342,8361,8374,8408,8393,8381,8389,8436,8614,9908,11693,11179,8107,7899,8451,8563,8418,8417,8418,8415,8454,8483,8538,8564,8615,8686,8729,8800,8873,8930,9036,9139,9260,9384,9488,9594,9632,9582,9433,9196,8992,8810,8675,8579,8546,8556,8572,8597,8608,8657,8659,8681,8716,8728,8765,8760,8772,8784,8784,8805,8792,8847,8842,8878,8875,8877,8876,8883,8927,8943,8984,8980,8999,9026,9054,9042,9071,9087,9104,9099,9124,9131,9143,9200,9221,9345,9422,9499,9393,9237,9126,9134,9162,9150,9150,9140,9156,9170,9257,10416,12388,12018,8742,8477,9013,9139,9017,8990,9000,8986,9032,9074,9084,9111,9103,9145,9176,9204,9255,9339,9391,9488,9609,9735,9806,9841,9875,9755,9558,9320,9067,8877,8729,8618,8573,8550,8534,8512,8503,8528,8548,8533,8525,8502,8540,8535,8521,8497,8478,8470,8517,8529,8502,8481,8478,8475,8478,8480,8462,8488,8506,8478,8457,8451,8461,8492,8478,8468,8466,8512,8542,8498,8543,8653,8747,8809,8744,8590,8428,8423,8436,8432,8433,8444,8409,8440,8461,8863,10355,11878,9890,7653,8002,8451,8453,8349,8330,8368,8386,8387,8452,8443,8503,8506,8515,8543,8585,8662,8760,8877,8995,9116,9227,9310,9343,9314,9190,8984,8773,8536,8328,8205,8100,8082,8073,8077,8081,8101,8126,8144,8124,8169,8167,8159,8147,8140,8186,8177,8196,8182,8182,8196,8201,8179,8168,8141,8163,8195,8180,8180,8180,8172,8187,8173,8251,8212,8245,8287,8276,8306,8414,8468,8545,8508,8448,8280,8244,8266,8263,8210,8202,8228,8261,8318,8825,10427,11637,9302,7495,7955,8386,8314,8236,8217,8248,8284,8303,8321,8392,8415,8431,8455,8508,8587,8672,8747,8835,8994,9126,9235,9328,9333,9298,9197,8970,8727,8536,8312,8200,8189,8175,8181,8208,8168,8165,8220,8213,8257,8325,8281,8309,8332,8324,8346,8345,8327,8384,8394,8408,8380,8366,8366,8369,8360,8337,8345,8361,8384,8384,8421,8399,8417,8457,8494,8489,8455,8541,8510,8566,8638,8708,8789,8858,8761,8612,8537,8515,8535,8547,8570,8571,8591,8598,9009,10430,12113,10738,7995,7963,8563,8627,8500,8520,8527,8535,8598,8607,8623,8630,8636,8726,8792,8782,8898,8958,9060,9175,9294,9401,9504,9542,9586,9534,9378,9185,8921,8705,8552,8457,8392,8389,8391,8392,8385,8444,8505,8506,8499,8470,8511,8536,8540,8539,8550,8555,8558,8563,8575,8622,8549,8606,8654,8647,8646,8673,8689,8738,8705,8728,8744,8777,8791,8812,8881,8991,9065,9076,8969,8839,8772,8794,8758,8760,8793,8781,8778,8771,9058,10319,12071,11287,8210,8247,8721,8938,8841,8811,8840,8870,8884,8902,8947,9006,9022,9110,9194,9258,9302,9391,9518,9640,9751,9856,9913,9943,9950,9916,9742,9528,9323,9133,9002,8947,8907,8866,8878,8870,8856,8891,8918,8923,8947,8949,8994,9066,9045,9074,9109,9129,9164,9137,9183,9350,9185,9208,9211,9226,9174,9211,9273,9413,9362,9449,9543,9624,9615,9492,9385,9387,9395,9385,9364,9332,9365,9343,9424,9786,11352,12868,11435,8684,8889,9422,9438,9324,9289,9315,9323,9322,9282,9315,9306,9285,9330,9363,9415,9474,9528,9615,9769,9901,9953,10006,10049,9997,9852,9607,9296,9102,8914,8793,8748,8617,8611,8577,8577,8537,8511,8473,8450,8476,8427,8431,8400,8371,8357,8355,8337,8353,8327,8333,8310,8293,8288,8295,8275,8256,8250,8225,8253,8373,8471,8545,8471,8303,8171,8166,8123,8127,8158,8118,8090,8053,8071,8708,10298,11539,8986,7271,7692,8113,7999,7907,7920,7928,7962,7959,8000,8053,8114,8136,8215,8267,8339,8376,8461,8508,8636,8761,8817,8877,8898,8844,8745,8513,8264,8056,7948,7838,7800,7711,7721,7711,7785,7716,7759,7753,7795,7838,7839,7883,7870,7869,7932,7914,7859,7901,7889,7909,7931,7958,7915,7898,8049,8135,8199,8149,8044,7909,7923,7884,7820,7816,7850,7846,7825,7879,8131,9457,11163,10695,7415,7403,7926,7970,7859,7896,7947,7958,7968,8026,8044,8102,8159,8232,8329,8357,8411,8514,8664,8786,8863,8995,9057,9045,9062,8985,8815,8568,8289,8169,8101,7973,7980,7956,7973,8007,8011,8016,8064,8120,8084,8142,8121,8170,8162,8182,8192,8269,8205,8225,8284,8284,8315,8324,8475,8491,8530,8477,8337,8296,8303,8305,8298,8215,8286,8303,8317,8398,9018,10698,11659,9160,7589,8051,8416,8456,8392,8387,8412,8435,8431,8412,8462,8523,8583,8604,8663,8707,8873,8852,8951,9135,9235,9249,9329,9284,9257,9156,9000,8773,8532,8400,8380,8320,8331,8271,8271,8299,8335,8362,8449,8411,8382,8425,8464,8513,8526,8556,8514,8556,8610,8673,8659,8672,8754,8877,8763,8894,8973,9104,9079,8884,8837,8868,8892,8878,8926,8982,9011,9011,9044,9243,10472,12135,11829,8818,8570,9099,9250,9113,9152,9193,9246,9300,9370,9422,9391,9458,9550,9606,9659,9750,9886,9982,10104,10146,10322,10408,10460,10431,10324,10134,9888,9727,9578,9511,9544,9438,9436,9465,9501,9526,9568,9589,9583,9592,9612,9647,9692,9614,9722,9677,9678,9726,9645,9659,9740,9670,9677,9703,9718,9692,9657,9722,9688,9697,9663,9649,9675,9653,9632,9605,9566,9633,9762,9811,9829,9705,9550,9455,9422,9383,9379,9366,9342,9331,9328,9530,10741,12585,12020,8842,8663,9070,9152,9048,9007,8999,9013,9012,9023,9037,9058,9057,9141,9121,9106,9161,9278,9301,9363,9527,9531,9544,9587,9573,9461,9244,9014,8842,8659,8421,8381,8393,8321,8203,8342,8284,8260,8351,8233,8130,8196,8098,8169,8256,8212,8208,8177,8113,8125,8125,8130,8130,8084,7963,8062,8086,8066,8186,8118,8169,8123,8152,8125,8075,8102,8197,8182,8192,8329,8370,8410,8388,8289,8305,8209,7983,7995,8041,8086,8117,8167,8360,9293,10795,10431,7783,7484,8049,8082,7796,7606,7622,7770,7632,7791,7812,7613,7537,7651,7601,7781,7914,7875,7873,7799,7974,8139,8304,8345,8329,7986,7764,8061,7664,7439,7493,7400,7234,7316,7473,7314,7270,7296,7246,7452,7267,7494,7566,7467,7451,7343,7274,7397,7008,7497,7571,7457,7421,7501,7491,7444,7249,7748,7675,7630,7584,7590,7602,7641,7722,7821,7952,7762,7772,7695,7879,7804,7739,7780,7849,7790,7706,7929,7964,9087,10567,10226,7618,7673,7892,8061,8013,7895,7913,8035,8116,7936,8189,8106,7760,8282,8408,8390,8434,8515,8457,8538,8480,8919,8951,9036,9042,8933,8862,8399,8208,8326,8168,8054,8205,7890,8130,8164,8099,8183,8104,8135,8415,8279,8198,8234,8306,8345,8429,8411,8447,8425,8370,8478,8430,8468,8500,8473,8513,8540,8592,8617,8631,8664,8663,8717,8843,8912,9052,8930,8748,8719,8820,8764,8743,8712,8817,8895,8748,8879,9759,11393,11558,8657,8224,8649,9086,8813,8654,8706,8610,8494,8817,8830,8745,8911,8894,8820,9072,8926,9078,9098,9241,9301,9485,9491,9383,9592,9634,9462,9046,8916,8781,8677,8611,8607,8494,8460,8446,8701,8776,8718,8596,8620,8618,8695,8593,8623,8618,8754,8779,8672,8653,8692,8700,8762,8705,8758,8742,8635,8718,8722,8746,8711,8705,8700,8670,8697,8708,8718,8745,8721,8707,8757,8773,8865,8989,8923,8847,8704,8691,8754,8672,8633]}
Error code: -11
9058
10229
11736
10896
8041
8129
8602
8814
8670
8583
8595
8623
8600
8621
8624
8671
8719
8731
8745
8786
8839
8903
8965
9080
9180
9275
9360
9459
9490
9454
9372
9196
8960
8758
8526
8418
8326
8260
8279
8256
8256
8261
8278
8340
8319
8335
8349
8363
8388
8426
8402
8386
8392
8406
8426
8420
8440
8403
8421
8410
8385
8376
8424
8421
8445
8442
8446
8433
8485
8561
8618
8659
8696
8702
8761
8768
8761
8761
8761
8775
8809
8775
8843
8955
9015
9092
8995
8861
8723
8751
8760
8713
8693
8698
8693
8747
8829
9801
11648
11781
9017
8013
8510
8848
8654
8589
8602
8625
8634
8678
8693
8728
8760
8797
8869
8907
8970
9023
9097
9183
9302
9404
9500
9576
9600
9564
9436
9287
9056
8848
8613
8517
8504
8461
8436
8477
8482
8476
8492
8524
8575
8547
8583
8588
8698
8748
8816
8862
8915
8953
8947
8977
9017
9034
9053
9069
9036
9054
9071
9092
9092
9067
9087
9067
9075
9081
9082
9119
9105
9154
9159
9173
9194
9188
9225
9249
9276
9311
9424
9484
9580
9610
9580
9440
9325
9341
9343
9315
9299
9344
9356
9432
9540
10683
12482
12175
8992
8763
9317
9481
9365
9329
9364
9369
9406
9471
9517
9598
9638
9727
9828
9933
9976
10069
10101
10146
10252
10351
10420
10450
10438
10363
10237
10024
9766
9556
9341
9119
9042
8983
8951
8973
8945
8882
8876
8857
8815
8786
8771
8785
8773
8698
8689
8645
8635
8612
8601
8612
8603
8610
8581
8551
8537
8541
8509
8528
8504
8515
8508
8481
8479
8483
8439
8420
8417
8415
8423
8415
8434
8433
8400
8421
8361
8424
8567
8602
8678
8618
8444
8332
8325
8260
8267
8227
8186
8173
8241
8458
9653
11227
10743
7752
7567
8160
8335
8140
8078
8125
8124
8162
8191
8237
8267
8262
8307
8342
8425
8486
8562
8645
8775
8908
9021
9070
9103
9114
9052
8875
8587
8335
8133
8009
7918
7866
7854
7879
7867
7855
7857
7873
7898
7898
7906
7913
7919
7927
7945
7977
7945
7920
7977
7961
7980
7984
7984
7987
7987
7970
7984
7997
8012
8024
8038
8005
8042
8025
8059
8050
8074
8083
8127
8112
8180
8235
8326
8399
8431
8327
8207
8104
8136
8224
8224
8200
8165
8170
8220
8365
9404
11180
11070
8085
7592
8146
8354
8246
8181
8191
8233
8254
8286
8328
8348
8374
8405
8511
8558
8600
8638
8745
8834
8995
9107
9204
9293
9329
9261
9108
8863
8645
8436
8295
8195
8129
8105
8120
8101
8114
8147
8148
8156
8171
8176
8212
8285
8261
8267
8246
8282
8299
8293
8294
8308
8296
8296
8280
8301
8347
8375
8353
8377
8369
8363
8389
8385
8402
8422
8448
8447
8443
8424
8455
8499
8516
8524
8523
8572
8612
8596
8664
8753
8810
8871
8821
8698
8569
8531
