Packet 1:

6941
7573
8159
8251
8294
8342
8415
8532
8660
8734
8809
8906
9024
9156
9294
9434
9593
9777
9898
9877
9860
9756
9536
9195
8911
8679
8502
8385
8335
8333
8317
8276
8304
8337
8401
8448
8499
8528
8559
8527
8539
8547
8511
8510
8473
8508
8502
8535
8522
8532
8539
8607
8822
8923
8686
8530
8400
8417
8418
8436
8455
8761
9794
10784
10189
8928
7411
7472
8276
8503
8522
8571
8595
8673
8756
8828
8891
8957
9025
9163
9304
9425
9602
9743
9841
9840
9786
9674
9570
9250
8861
8651
8484
8356
8301
8234
8216
8192
8249
8270
8287
8343
8363
8388
8436
8418
8406
8393
8387
8352
8356
8312
8283
8342
8376
8321
8352
8535
8652
8500
8347
8217
8203
8205
8222
8197
8343
9158
10217
10143
9125
7723
7078
7807
8217
8284
8331
8414
8433
8554
8590
8637
8723
8814
8860
8980
9150
9302
9440
9569
9640
9581
9457
9295
9059
8778
8583
8408
8262
8208
8184
8151
8130
8167
8180
8242
8265
8284
8329
8404
8399
8449
8466
8407
8410
8418
8440
8408
8414
8446
8425
8467
8615
8778
8686
8528
8381
8346
8350
8386
8400
8432
8995
10243
10445
9099
8278
7229
7886
8389
8464
8488
8554
8629
8663
8752
8794
8865
8977
9069
9167
9341
9505
9674
9807
9863
9891
9754
9618
9361
9007
8757
8581
8440
8365
8312
8287
8281
8314
8341
8380
8414
8479
8512
8497
8531
8537
8545
8577
8575
8538
8510
8540
8485
8509
8502
8566
8536
8519
8686
8880
8758
8581
8446
8385
8392
8411
8419
8417
8912
10173
10574
9228
8383
7196
7901
8386
8387
8439
8452
8489
8598
8635
8729
8791
8905
9025
9128
9236
9390
9540
9661
9736
9759
9705
9556
9316
9063
8809
8559
8406
8304
8232
8173
8144
8182
8226
8244
8250
8286
8333
8339
8338
8385
8409
8367
8365
8394
8362
8385
8383
8375
8362
8318
8311
8328
8392
8409
8433
8647
8815
8635
8462
8360
8284
8310
8341
8341
8386
9106
10329
10390
8999
8016
7191
7975
8380
8427
8460
8541
8626
8681
8716
8795
8877
8959
9045
9199
9343
9469
9652
9767
9848
9866
9745
9574
9332
9070
8819
8587
8437
8365
8296
8295
8262
8283
8277
8292
8343
8356
8425
8463
8443
8466
8455
8434
8404
8420
8434
8410
8382
8415
8417
8456
8474
8448
8561
8775
8831
8607
8434
8372
8391
8418
8395
8407
8589
9526
10519
10108
9037
7525
7361
8039
8390
8437
8440
8512
8560
8615
8696
8756
8827
8896
9006
9171
9297
9446
9563
9656
9692
9616
9494
9323
9078
8788
8607
8431
8357
8265
8225
8221
8239
8232
8259
8290
8309
8389
8398
8448
8451
8447
8461
8472
8409
8380
8372
8378
8389
8435
8432
8439
8527
8741
8736
8534
8399
8306
8297
8320
8332
8343
8719
9862
10567
9489
8577
7277
7667
8292
8423
8425
8451
8517
8602
8693
8759
8849
8855
8979
9103
9216
9329
9542
9675
9773
9778
9741
9602
9370
9085
8813
8610
8455
8356
8319
8290
8256
8234
8283
8315
8345
8373
8386
8447
8420
8432
8418
8447
8389
8400
8382
8372
8382
8381
8380
8416
8400
8451
8622
8816
8668
8424
8319
8298
8299
8324
8328
8415
9159
10342
10376
9054
7860
7284
8001
8346
8406
8425
8501
8583
8668
8696
8735
8827
8906
9013
9129
9326
9481
9668
9728
9756
9742
9648
9445
9222
8904
8635
8461
8317
8261
8198
8167
8131
8155
8214
8226
8288
8298
8328
8355
8399
8438
8390
8403
8391
8419
8401
8394
8382
8387
8452
8474
8421
8553
8768
8808
8575
8409
8332
8329
8334
8345
8330
8719
9783
10611
9816
8710
7331
7704
8333
8449
8497
8544
8546
8601
8677
8728
8852
8902
9012
9133
9247
9394
9571
9738
9774
9820
9807
9645
9428
9138
8894
8652
8510
8373
8277
8245
8220
8231
8277
8296
8335
8346
8423
8430
8458
8467
8457
8476
8454
8488
8478
8505
8484
8487
8506
8483
8441
8492
8687
8805
8602
8423
8325
8300
8336
8302
8336
8615
9613
10621
10131
8965
7468
7546
8190
8446
8433
8488
8520
8623
8682
8748
8792
8856
8949
9071
9213
9342
9491
9626
9698
9723
9692
9581
9367
9117
8865
8660
8515
8381
8306
8266
8265
8250
8272
8289
8332
8282
8342
8378
8375
8401
8435
8452
8389
8382
8359
8385
8422
8402
8406
8506
8693
8609
8393
8312
8219
8249
8261
8288
8351
8942
9971
10339
9397
8409
7199
7738
8204
8323
8303
8395
8453
8530
8600
8673
8743
8866
8936
9030
9184
9325
9509
9670
9723
9722
9589
9406
9178
8931
8723
8544
8443
8324
8260
8225
8197
8175
8208
8266
8345
8352
8377
8368
8412
8414
8415
8403
8417
8392
8389
8400
8426
8395
8429
8609
8790
8672
8421
8267
8242
8261
8290
8284
8387
9036
10169
10163
8921
7949
7395
8042
8349
8373
8421
8465
8503
8571
8653
8716
8790
8867
8938
9089
9259
9390
9547
9636
9718
9653
9558
9379
9117
8868
8583
8469
8349
8279
8212
8177
8176
8234
8289
8299
8331
8325
8408
8375
8434
8449
8459
8443
8434
8439
8431
8452
8453
8418
8459
8444
8470
8558
8739
8758
8539
8364
8261
8245
8274
8278
8223
8409
9378
10415
10003
8765
7513
7316
8071
8319
8305
8341
8401
8495
8588
8646
8745
8805
8906
9028
9171
9269
9383
9537
9622
9633
9620
9522
9332
9070
8755
8519
8363
8224
8185
8164
8108
8117
8146
8197
8224
8216
8252
8279
8315
8328
8345
8339
8326
8355
8328
8351
8326
8298
8336
8355
8406
8397
8432
8509
8720
8774
8555
8406
8313
8322
8352
8339
8314
8589
9618
10618
9944
8718
7313
7521
8239
8418
8414
8429
8524
8550
8645
8715
8804
8869
9017
9113
9283
9409
9545
9707
9813
9818
9802
9671
9417
9179
8905
8697
8542
8428
8374
8363
8315
8283
8309
8351
8396
8428
8412
8453
8472
8479
8503
8510
8530
8530
8512
8528
8508
8526
8492
8503
8527
8510
8548
8634
8585
8621
8760
8921
8746
8597
8485
8424
8451
8461
8454
8537
9192
10373
10607
9489
8091
7405
8036
8468
8518
8521
8607
8633
8699
8751
8817
8868
8970
9070
9156
9286
9464
9598
9744
9796
9728
9669
9499
9246
8970
8771
8593
8452
8390
8361
8322
8285
8252
8283
8299
8345
8366
8394
8453
8459
8443
8446
8465
8428
8379
8390
8386
8397
8356
8372
8433
8449
8482
8612
8761
8618
8452
8334
8298
8281
8273
8304
8408
9063
10147
10417
9377
8381
7357
7936
8357
8374
8421
8438
8508
8572
8655
8687
8768
8837
8900
9016
9155
9313
9458
9586
9622
9589
9526
9348
9052
8825
8612
8438
8336
8238
8241
8168
8150
8147
8154
8212
8243
8291
8303
8340
8361
8354
8335
8336
8326
8326
8293
8263
8258
8210
8246
8293
8289
8293
8448
8632
8529
8315
8254
8187
8194
8185
8205
8306
8867
10022
10152
8925
8125
7220
7843
8286
8347
8361
8432
8501
8554
8613
8687
8786
8839
8947
9074
9213
9369
9553
9654
9716
9730
9624
9489
9252
8919
8668
8517
8409
8334
8248
8227
8198
8219
8244
8248
8305
8325
8351
8381
8449
8459
8437
8415
8441
8455
8450
8445
8429
8432
8412
8425
8444
8503
8495
8537
8630
8819
8817
8578
8455
8373
8358
8371
8441
8456
8937
10132
10606
9390
8539
7316
7819
8369
8465
8497
8523
8583
8644
8689
8768
8848
8970
9047
9145
9261
9441
9598
9761
9851
9824
9777
9657
9415
9155
8896
8703
8539
8471
8381
8334
8306
8308
8288
8327
8374
8390
8400
8421
8473
8485
8489
8484
8515
8499
8468
8471
8511
8486
8553
8542
8505
8534
8507
8578
8772
8936
8794
8612
8449
8429
8480
8439
8428
8485
9130
10313
10493
9181
8105
7327
8025
8447
8485
8535
8569
8637
8667
8710
8795
8889
8967
9098
9208
9360
9485
9636
9785
9835
9846
9760
9563
9323
9041
8823
8633
8512
8409
8382
8312
8304
8258
8310
8333
8321
8327
8302
8345
8366
8386
8350
8354
8341
8324
8302
8338
8329
8321
8364
8318
8303
8358
8353
8366
8511
8700
8634
8456
8387
8261
8268
8281
8301
8321
8850
10029
10513
9326
8254
7226
7837
8295
8431
8467
8520
8584
8594
8702
8765
8821
8850
8950
9071
9217
9370
9527
9610
9694
9648
9547
9446
9164
8943
8704
8489
8361
8272
8204
8190
8155
8161
8208
8234
8270
8310
8366
8379
8386
8382
8422
8414
8423
8390
8382
8357
8387
8388
8429
8433
8503
8576
8751
8672
8455
8337
8320
8311
8317
8360
8392
8885
9935
10407
9496
8483
7351
7752
8275
8425
8369
8373
8435
8525
8535
8615
8689
8748
8833
8962
9105
9232
9385
9532
9565
9528
9462
9305
9099
8858
8644
8526
8390
8315
8298
8277
8232
8226
8270
8322
8349
8367
8393
8420
8447
8446
8467
8462
8499
8474
8502
8473
8484
8500
8485
8517
8657
8816
8669
8510
8384
8383
8374
8369
8369
8450
9009
10108
10173
9058
8266
7414
7977
8423
8443
8460
8501
8566
8646
8750
8807
8826
8926
9017
9105
9259
9424
9573
9660
9721
9718
9599
9401
9149
8919
8737
8567
8434
8402
8369

Packet2:

8256
8242
8252
8248
8282
8266
8315
8290
8304
8381
8376
8366
8373
8360
8354
8335
8329
8358
8340
8331
8408
8505
8484
8520
8686
8826
8664
8489
8383
8324
8322
8343
8371
8428
9001
10217
10389
9171
8286
7285
7965
8395
8419
8443
8526
8581
8635
8681
8781
8889
8948
8988
9142
9317
9465
9628
9741
9781
9737
9635
9468
9202
8963
8737
8515
8409
8331
8280
8290
8259
8260
8278
8266
8312
8348
8384
8413
8367
8386
8426
8450
8407
8393
8379
8380
8378
8374
8380
8401
8381
8386
8389
8470
8493
8483
8595
8783
8835
8609
8481
8403
8357
8388
8424
8419
8607
9507
10440
9868
8810
7584
7581
8259
8472
8492
8525
8537
8622
8700
8762
8808
8859
8964
9080
9217
9360
9514
9673
9718
9761
9748
9615
9411
9119
8839
8631
8484
8387
8332
8269
8236
8213
8263
8268
8289
8347
8368
8411
8469
8475
8498
8484
8484
8515
8470
8468
8461
8464
8450
8440
8453
8458
8469
8493
8487
8534
8720
8871
8708
8532
8418
8374
8408
8375
8372
8475
9173
10304
10345
9262
8156
7438
8034
8417
8459
8472
8531
8617
8649
8728
8826
8956
8999
9100
9160
9282
9472
9606
9710
9742
9752
9655
9452
9263
8973
8747
8585
8469
8412
8347
8327
8300
8276
8260
8284
8320
8332
8425
8446
8449
8488
8497
8484
8463
8427
8445
8449
8450
8445
8459
8446
8466
8469
8503
8675
8765
8608
8451
8372
8352
8373
8363
8384
8601
9411
10311
9960
9090
7793
7556
8091
8390
8394
8468
8511
8574
8638
8704
8766
8829
8897
8983
9088
9220
9373
9551
9612
9646
9632
9546
9270
9049
8806
8585
8442
8340
8311
8300
8230
8206
8204
8241
8274
8343
8380
8402
8439
8444
8458
8452
8445
8454
8476
8457
8473
8420
8405
8412
8469
8531
8507
8627
8800
8755
8532
8425
8389
8385
8380
8357
8344
8699
9741
10390
9466
8679
7404
7755
8299
8410
8423
8490
8507
8593
8638
8698
8787
8906
8959
9127
9210
9362
9536
9673
9729
9716
9677
9497
9241
9001
8748
8504
8365
8311
8272
8245
8195
8194
8204
8254
8257
8286
8294
8331
8379
8381
8372
8405
8431
8368
8365
8356
8369
8372
8391
8355
8355
8401
8433
8409
8443
8583
8782
8664
8476
8388
8311
8376
8367
8319
8372
8779
9908
10335
9175
8456
7285
7834
8357
8430
8440
8459
8530
8591
8676
8751
8785
8886
8984
9086
9259
9409
9583
9667
9754
9733
9648
9517
9295
9008
8759
8541
8367
8304
8218
8232
8212
8182
8199
8235
8271
8305
8318
8359
8393
8383
8408
8431
8425
8404
8392
8404
8393
8366
8378
8421
8392
8411
8439
8431
8594
8757
8718
8488
8339
8276
8262
8291
8314
8324
8721
9906
10421
9303
8476
7241
7798
8309
8398
8428
8495
8552
8586
8619
8705
8778
8843
8952
9083
9212
9366
9544
9697
9783
9756
9679
9582
9354
9049
8802
8579
8450
8373
8257
8238
8224
8202
8221
8238
8255
8301
8341
8314
8361
8387
8387
8420
8441
8437
8424
8411
8415
8397
8375
8316
8343
8441
8410
8423
8556
8750
8627
8417
8309
8283
8251
8263
8258
8327
8955
10054
10466
9381
8456
7299
7857
8317
8422
8483
8487
8566
8632
8651
8691
8747
8841
8942
9046
9206
9345
9530
9710
9737
9709
9589
9457
9248
8999
8769
8586
8443
8321
8288
8273
8278
8254
8239
8255
8333
8361
8367
8409
8438
8465
8489
8488
8502
8513
8478
8487
8486
8506
8558
8553
8584
8699
8833
8666
8492
8443
8421
8428
8406
8424
8527
9203
10219
10202
9210
7987
7626
8187
8517
8509
8556
8611
8677
8712
8792
8861
8919
8989
9096
9187
9345
9505
9623
9720
9729
9678
9567
9361
9081
8815
8628
8481
8411
8352
8285
8262
8298
8234
8221
8271
8283
8385
8410
8421
8430
8448
8442
8479
8429
8441
8434
8431
8449
8462
8538
8685
8791
8565
8396
8283
8288
8314
8326
8280
8516
9396
10278
9649
8711
7827
7575
8174
8445
8458
8518
8563
8601
8646
8716
8743
8846
8911
9023
9159
9336
9497
9656
9721
9772
9700
9599
9384
9131
8852
8637
8463
8360
8295
8288
8252
8238
8240
8269
8279
8362
8377
8419
8398
8399
8451
8449
8466
8485
8450
8407
8438
8511
8501
8521
8641
8845
8759
8586
8425
8324
8270
8302
8320
8357
8844
10024
10436
9202
8500
7269
7803
8312
8395
8419
8445
8523
8560
8608
8684
8774
8843
8967
9066
9236
9392
9563
9709
9787
9776
9687
9541
9250
8981
8720
8506
8294
8252
8196
8185
8169
8157
8173
8203
8270
8368
8324
8344
8364
8417
8434
8423
8418
8415
8403
8361
8369
8387
8380
8410
8410
8455
8484
8475
8489
8651
8832
8724
8498
8363
8314
8299
8354
8372
8385
8851
10102
10665
9429
8517
7144
7731
8305
8388
8425
8499
8543
8604
8651
8729
8778
8869
8967
9094
9261
9414
9548
9725
9794
9777
9673
9549
9348
9055
8760
8511
8365
8253
8220
8194
8167
8152
8165
8206
8217
8266
8296
8342
8392
8379
8404
8377
8373
8381
8391
8389
8362
8360
8346
8315
8338
8313
8304
8293
8352
8379
8378
8412
8609
8777
8603
8444
8345
8272
8317
8303
8341
8447
9071
10329
10475
9216
8093
7260
7933
8384
8499
8494
8554
8634
8677
8725
8794
8888
9004
9118
9197
9354
9503
9673
9788
9832
9809
9705
9526
9271
9042
8792
8594
8433
8388
8339
8291
8271
8269
8292
8283
8316
8337
8370
8415
8471
8481
8513
8507
8485
8460
8468
8500
8472
8462
8453
8482
8442
8441
8446
8479
8445
8475
8625
8780
8663
8520
8419
8380
8386
8387
8372
8421
8896
10044
10293
9457
8539
7427
7866
8345
8417
8436
8521
8573
8663
8717
8757
8840
8937
9014
9100
9243
9386
9549
9655
9740
9716
9629
9482
9249
8991
8754
8598
8460
8387
8369
8311
8304
8288
8303
8323
8352
8369
8418
8447
8476
8522
8559
8566
8539
8527
8470
8477
8498
8500
8458
8516
8568
8522
8535
8727
8867
8675
8500
8398
8396
8417
8402
8422
8552
9322
10383
9955
8889
7931
7649
8195
8444
8481
8524
8589
8645
8677
8739
8789
8841
8875
9025
9170
9306
9463
9628
9772
9818
9784
9636
9414
9126
8850
8611
8462
8322
8260
8234
8213
8257
8187
8214
8216
8264
8292
8348
8394
8426
8420
8453
8476
8470
8451
8442
8437
8410
8435
8389
8368
8409
8468
8461
8487
8675
8804
8683
8448
8363
8293
8322
8332
8342
8383
8914
10150
10360
9165
8420
7230
7794
8293
8379
8403
8533
8581
8685
8749
8861
8856
9000
9071
9177
9290
9467
9643
9799
9887
9836
9746
9583
9301
9024
8739
8515
8379
8283
8206
8216
8172
8185
8224
8209
8240
8271
8300
8338
8359
8379
8421
8425
8421
8406
8436
8445
8448
8436
8437
8394
8400
8407
8433
8449
8407
8399
8451
8506
8517
8541
8715
8853
8680
8510
8421
8382
8392
8377
8381
8452
9156
10399
10172
8831
7870
7332
8069
8393
8464
8516
8552
8643
8674
8748
8830
8943
8984
9047
9175
9294
9479
9678
9842
9915
9904
9834
9631
9390
9091
8797
8611
8429
8336
8288
8257
8216
8199
8242
8262
8280
8352
8375
8393
8409
8431
8476
8479
8470
8485
8456
8456
8463
8443
8452
8433
8459
8472
8467
8443
8464
8482
8475
8457
8471
8465
8467
8530
8552
8605
8718
8900
8856
8635
8525
8436
8470
8465
8442
8508
9074
10148
10543
9427
8673
7322
7791
8387
8519
8573
8674
8701
8753
8818
8829
8921
9018
9070
9148
9310
9444
9636
9778
9850
9878
9812
9664
9448
9136
8893
8669
8507
8407
8328
8277
8217
8225
8191
8242
8269
8264
8328
8347
8409
8397
8384
8417
8422
8414
8402
8377
8385
8390
8387
8386
8370
8346
8353
8398
8444
8467
8470
8596
8769
8714
8536
8457
8378
8371
8370
8344
8395
8798
9812
10421
9599
8784
7423
7706
8229
8406
8425
8477
8532
8643
8693
8728
8825
8881
8967
9080
9236
9376
9521
9648
9730
9705
9673
9529
9259
9028
8761
8562
8414
8345
8276
8220
8215
8195
8183
8190
8212
8284
8314
8335
8395
8399
8447
8464
8427
8439
8447
8407
8420
8405
8405
8420
8396
8471
8486
8477
8604
8799
8710
8502
8381
8339
8351
8375
8396
8430
8859
9938
10333
9357
8640
7496
7826
8359
8479
8512
8545
8615
8675
8756
8786
8827
8942
8977
9120
9194
9344
9556
9687
9773
9792
9783
9656
9406
9145
8869
8631
8442
8317
8286
8263
8262
8218
8221
8223
8226
8291
8318
8336
8380
8383
8420
8426
8423
8456
8411
8400
8412
8394
8407
8412
8426
8491
8489
8458
8598
8799
8739
8563
8403
8313
8312
8307
8284
8308
8801
9993
10462
9314
8588
7230
7681
8249
8394
8385
8478
8559
8606
8667
8735
8804
8884
8971
9138
9249
9374
9574
9721
9791
9830
9800
9686
9426
9134
8851
8628
8454
8358
8282
8239
8244
8195
8177
8234
8270
8303
8335
8360
8381
8407
8358
8380
8395
8382
8435
8387
8393
8419
8397
8413
8425
8471
8494
8510
8622
8839
8703
8516
8408
8340
8320
8331
8347
8400
8992
10249
10489

packet3:

8537
8405
8326
8296
8254
8254
8291
8276
8298
8329
8350
8406
8420
8449
8398
8494
8502
8499
8475
8476
8456
8467
8461
8426
8481
8511
8530
8550
8694
8864
8751
8611
8498
8474
8435
8450
8443
8522
9122
10283
10322
9137
7758
7705
8325
8503
8530
8563
8629
8660
8720
8778
8851
8950
9031
9116
9264
9408
9547
9752
9834
9853
9827
9693
9497
9161
8920
8681
8500
8334
8295
8289
8255
8233
8259
8251
8304
8323
8373
8412
8404
8443
8436
8435
8408
8459
8404
8411
8416
8417
8403
8402
8465
8409
8493
8581
8567
8593
8800
8876
8693
8451
8390
8411
8372
8352
8358
8460
9123
10373
10219
8931
7938
7304
7981
8381
8402
8439
8487
8541
8580
8651
8670
8767
8855
8929
9021
9192
9346
9507
9652
9719
9747
9657
9535
9285
9021
8722
8494
8325
8269
8198
8159
8128
8115
8131
8162
8163
8176
8232
8290
8336
8394
8355
8360
8335
8364
8305
8267
8282
8275
8247
8218
8286
8255
8267
8285
8286
8320
8343
8324
8360
8405
8444
8498
8716
8731
8501
8351
8266
8229
8207
8278
8249
8372
9257
10269
9687
8589
7344
7388
8063
8249
8279
8294
8394
8460
8560
8599
8698
8773
8861
8954
9075
9243
9416
9581
9695
9679
9668
9537
9385
9101
8873
8640
8457
8305
8251
8203
8179
8187
8154
8169
8206
8277
8319
8351
8365
8384
8395
8386
8425
8424
8422
8396
8392
8413
8366
8400
8389
8416
8418
8457
8480
8486
8517
8713
8839
8662
8488
8376
8343
8311
8348
8319
8447
9158
10314
10425
9362
8076
7396
8025
8428
8480
8507
8573
8617
8696
8771
8810
8916
8931
9047
9192
9315
9472
9608
9722
9792
9760
9630
9419
9206
8944
8749
8526
8395
8330
8306
8242
8276
8262
8292
8309
8312
8361
8405
8438
8481
8496
8496
8527
8502
8457
8456
8450
8443
8414
8409
8420
8486
8480
8477
8562
8731
8815
8663
8485
8424
8402
8406
8377
8388
8480
9264
10431
10148
9072
8010
7552
8119
8453
8509
8544
8550
8637
8700
8737
8810
8890
8970
9033
9152
9309
9466
9648
9758
9808
9825
9730
9524
9296
8992
8766
8622
8496
8435
8372
8383
8382
8348
8331
8392
8417
8454
8488
8472
8531
8516
8523
8480
8489
8464
8502
8468
8456
8468
8460
8496
8462
8466
8423
8485
8529
8548
8618
8778
8895
8732
8580
8434
8441
8429
8449
8455
8654
9544
10534
10115
8966
7870
7597
8249
8492
8537
8574
8640
8727
8774
8813
8871
8973
9041
9121
9231
9419
9561
9675
9805
9889
9870
9783
9584
9361
9063
8763
8587
8444
8379
8336
8300
8248
8209
8248
8273
8322
8350
8388
8403
8406
8433
8450
8435
8447
8450
8449
8406
8350
8377
8371
8359
8381
8355
8348
8402
8399
8428
8663
8815
8651
8429
8359
8342
8361
8350
8329
8436
9150
10344
10205
8945
7924
7308
8046
8358
8407
8428
8485
8573
8645
8685
8774
8857
8984
9062
9200
9315
9475
9654
9724
9808
9783
9770
9572
9267
8974
8743
8526
8412
8336
8283
8255
8281
8200
8224
8259
8297
8342
8379
8405
8417
8415
8405
8421
8396
8373
8381
8388
8373
8346
8333
8340
8394
8328
8309
8405
8395
8453
8447
8726
8765
8561
8451
8357
8308
8380
8344
8351
8635
9658
10534
9774
8688
7481
7550
8146
8395
8430
8458
8528
8583
8666
8701
8819
8871
8938
9020
9160
9309
9481
9691
9781
9785
9760
9658
9459
9181
8903
8632
8423
8329
8258
8207
8239
8216
8218
8226
8236
8273
8291
8331
8340
8352
8406
8421
8398
8408
8369
8377
8398
8356
8345
8323
8352
8352
8348
8342
8359
8387
8421
8458
8696
8755
8536
8382
8312
8289
8297
8321
8272
8541
9576
10646
9891
8745
7316
7580
8180
8366
8378
8429
8491
8560
8614
8671
8739
8786
8883
8994
9121
9302
9439
9574
9707
9723
9714
9573
9398
9162
8878
8653
8464
8341
8288
8259
8231
8195
8198
8241
8239
8320
8348
8321
8401
8413
8435
8436
8409
8417
8417
8403
8387
8367
8385
8422
8466
8445
8505
8618
8825
8681
8518
8402
8330
8326
8399
8381
8494
9119
10270
10422
9400
8291
7409
8007
8384
8482
8526
8558
8611
8679
8760
8782
8873
8983
9087
9171
9269
9465
9637
9773
9816
9760
9642
9465
9224
8991
8788
8600
8497
8425
8360
8366
8310
8299
8290
8315
8381
8441
8426
8491
8490
8520
8511
8524
8555
8549
8537
8539
8522
8543
8559
8583
8632
8807
8945
8724
8568
8464
8417
8434
8452
8478
8529
9341
10469
10123
9017
8098
7513
8109
8428
8515
8537
8580
8630
8708
8766
8836
8880
8944
9033
9138
9266
9444
9578
9726
9754
9755
9663
9478
9204
8937
8754
8584
8441
8386
8335
8307
8311
8264
8244
8291
8356
8357
8399
8411
8464
8455
8497
8470
8462
8439
8447
8446
8466
8490
8559
8534
8573
8746
8800
8627
8446
8339
8336
8339
8337
8335
8471
9201
10302
10082
8863
7914
7422
8102
8407
8382
8448
8520
8529
8625
8677
8766
8808
8879
8976
9118
9257
9384
9545
9641
9686
9642
9552
9343
9069
8792
8559
8405
8305
8234
8196
8172
8159
8181
8207
8237
8246
8279
8319
8338
8346
8351
8392
8383
8418
8387
8378
8371
8348
8372
8353
8390
8414
8418
8434
8649
8796
8640
8473
8337
8292
8300
8321
8301
8335
8932
10199
10306
9073
8259
7211
7862
8350
8374
8416
8488
8548
8592
8665
8741
8790
8858
8932
9068
9238
9405
9584
9710
9755
9747
9692
9532
9270
8984
8729
8529
8418
8329
8258
8231
8241
8242
8210
8239
8275
8336
8366
8365
8419
8427
8431
8434
8459
8453
8445
8414
8388
8381
8385
8417
8430
8408
8415
8451
8501
8462
8516
8714
8852
8668
8528
8428
8385
8396
8418
8408
8428
9096
10289
10429
9100
8268
7265
7953
8416
8456
8507
8551
8616
8666
8725
8825
8889
8951
9060
9169
9337
9466
9665
9778
9826
9812
9756
9615
9397
9098
8834
8631
8460
8408
8377
8362
8322
8317
8326
8335
8320
8345
8389
8385
8413
8426
8412
8436
8423
8458
8442
8451
8466
8438
8423
8381
8404
8391
8410
8398
8407
8405
8418
8397
8417
8494
8492
8524
8732
8867
8719
8547
8475
8392
8406
8407
8384
8460
9153
10429
10407
9109
8315
7244
7932
8408
8471
8505
8537
8614
8665
8747
8791
8856
8924
9053
9141
9309
9477
9660
9798
9882
9876
9859
9755
9508
9202
8930
8663
8539
8391
8330
8265
8230
8227
8215
8225
8274
8308
8351
8386
8387
8465
8408
8415
8441
8449
8427
8407
8385
8382
8419
8368
8333
8354
8406
8408
8380
8401
8411
8399
8379
8411
8417
8492
8543
8584
8846
8830
8626
8510
8390
8395
8400
8461
8429
8710
9707
10798
9958
8980
7604
7691
8230
8468
8473
8554
8552
8582
8643
8709
8777
8890
8961
9039
9189
9336
9511
9650
9724
9770
9700
9555
9381
9149
8871
8671
8485
8376
8316
8315
8281
8220
8209
8217
8262
8303
8337
8361
8394
8437
8450
8444
8447
8436
8439
8494
8488
8479
8420
8379
8370
8358
8358
8388
8412
8388
8518
8728
8637
8459
8326
8256
8290
8338
8326
8331
8815
10131
10948
9811
8516
7193
7837
8292
8355
8358
8403
8465
8577
8618
8675
8756
8809
8875
8994
9104
9333
9523
9732
9771
9764
9727
9530
9306
9031
8769
8526
8396
8279
8219
8218
8209
8216
8237
8272
8272
8306
8325
8363
8405
8430
8448
8432
8442
8400
8373
8363
8336
8329
8328
8286
8348
8341
8386
8396
8418
8528
8698
8615
8462
8310
8219
8258
8259
8261
8309
8861
10188
10508
9188
8290
7212
7797
8230
8380
8377
8397
8457
8522
8602
8689
8730
8803
8890
8995
9139
9295
9485
9615
9697
9708
9649
9508
9247
8969
8767
8558
8390
8348
8301
8257
8225
8208
8223
8239
8243
8265
8323
8367
8386
8417
8441
8499
8488
8462
8469
8490
8473
8468
8444
8455
8458
8478
8478
8453
8485
8519
8533
8539
8583
8680
8900
8816
8653
8554
8476
8454
8440
8492
8531
8868
10031
10548
9247
8789
7506
7814
8420
8518
8549
8598
8670
8740
8758
8850
8970
9082
9088
9165
9305
9458
9640
9815
9921
9958
9919
9772
9542
9234
8951
8720
8492
8379
8312
8279
8266
8262
8296
8287
8337
8311
8299
8335
8346
8380
8411
8421
8402
8383
8375
8367
8335
8383
8404
8401
8408
8388
8388
8379
8340
8332
8373
8342
8413
8440
8421
8423
8588
8797
8691
8501
8398
8310
8273
8318
8352
8344
8584
9703
10559
9496
8640
7285
7715
8291
8431
8439
8532
8571
8592
8671
8710
8803
8885
8977
9089
9212
9327
9469
9659
9767
9807
9750
9674
9489
9207
8906
8680
8510
8345
8247
8201
8191
8148
8166
8143
8201
8229
8258
8304
8304
8303
8346
8360
8366
8372
8369
8395
8443
8373
8344
8308
8310
8304
8275
8321
8330
8312
8302
8347
8326
8370
8420
8460
8470
8571
8810
8730
8557
8425
8353
8351
8373
8368
8428
8912
10098
10467
9172
8565
7391
7992
8419
8473
8496
8545
8595
8663
8735
8759
8873
8968
9014
9112
9218
9374
9543
9706
9825

packet4:

8402
8445
8439
8427
8438
8483
8442
8417
8466
8421
8415
8367
8395
8436
8434
8413
8512
8708
8751
8538
8417
8345
8296
8303
8344
8327
8509
9393
10527
10154
8777
7654
7422
8270
8390
8431
8503
8575
8593
8636
8714
8809
8898
8960
9061
9168
9328
9507
9646
9771
9777
9752
9620
9434
9193
8891
8628
8460
8371
8316
8260
8262
8258
8265
8291
8342
8411
8395
8403
8457
8463
8489
8501
8516
8482
8490
8411
8389
8431
8440
8483
8525
8525
8723
8846
8741
8556
8440
8369
8387
8401
8376
8386
8873
9968
10581
9391
8536
7274
7880
8387
8421
8470
8554
8624
8651
8716
8798
8862
8908
9009
9129
9264
9423
9588
9698
9813
9852
9784
9657
9450
9145
8882
8648
8489
8379
8322
8247
8236
8201
8185
8209
8267
8323
8343
8373
8387
8436
8439
8438
8401
8432
8418
8415
8402
8387
8416
8426
8467
8530
8723
8708
8491
8379
8290
8292
8325
8377
8357
8660
9771
10714
9809
8657
7247
7682
8204
8372
8421
8448
8468
8560
8627
8671
8717
8804
8869
8971
9061
9224
9411
9573
9627
9691
9591
9449
9278
9027
8768
8571
8460
8353
8304
8283
8226
8246
8282
8287
8375
8383
8409
8415
8454
8487
8468
8458
8483
8444
8431
8427
8504
8491
8494
8541
8731
8784
8609
8415
8296
8294
8327
8350
8317
8517
9466
10539
9984
8870
7620
7582
8140
8382
8429
8475
8519
8580
8670
8747
8805
8844
8961
9088
9205
9342
9485
9679
9738
9785
9739
9576
9352
9087
8815
8615
8500
8409
8347
8321
8284
8267
8239
8287
8305
8369
8384
8422
8428
8448
8430
8396
8415
8417
8425
8428
8388
8426
8476
8496
8526
8680
8847
8666
8506
8376
8301
8351
8312
8301
8364
8987
10199
10340
9035
8185
7363
8053
8413
8432
8495
8566
8635
8675
8739
8775
8863
8931
9025
9149
9249
9434
9567
9707
9757
9733
9683
9548
9274
8963
8739
8554
8404
8343
8297
8274
8272
8248
8254
8249
8289
8325
8349
8375
8401
8413
8412
8462
8463
8424
8420
8372
8379
8374
8370
8442
8437
8489
8637
8813
8667
8491
8336
8324
8324
8283
8292
8324
8879
10118
10508
9299
8385
7272
7951
8345
8388
8429
8470
8540
8573
8669
8735
8824
8921
9013
9127
9247
9377
9560
9697
9763
9765
9661
9560
9319
9062
8775
8603
8464
8384
8345
8317
8221
8220
8240
8322
8340
8359
8391
8410
8441
8416
8453
8466
8445
8452
8444
8430
8449
8424
8414
8432
8425
8454
8580
8765
8656
8472
8346
8319
8307
8312
8355
8386
8936
10244
10621
9333
8489
7224
7880
8361
8412
8419
8441
8526
8617
8701
8728
8809
8897
8998
9123
9262
9423
9560
9729
9768
9814
9758
9593
9361
9046
8785
8558
8416
8390
8300
8299
8251
8250
8227
8285
8279
8334
8368
8421
8411
8400
8467
8478
8452
8439
8452
8422
8403
8379
8436
8518
8503
8497
8675
8819
8642
8476
8357
8322
8319
8326
8354
8481
9271
10422
10371
9236
7995
7351
8017
8354
8432
8407
8482
8608
8622
8706
8748
8830
8905
8983
9126
9230
9403
9540
9622
9662
9678
9570
9397
9167
8925
8739
8541
8419
8365
8313
8264
8270
8210
8223
8274
8323
8356
8380
8402
8475
8481
8496
8525
8514
8500
8456
8458
8454
8536
8490
8485
8570
8785
8723
8518
8395
8321
8317
8379
8386
8367
8712
9816
10551
9573
8738
7396
7726
8270
8410
8371
8439
8503
8613
8634
8700
8779
8830
8915
9037
9178
9279
9475
9595
9649
9678
9629
9446
9238
9001
8771
8546
8422
8357
8283
8273
8224
8244
8214
8240
8273
8284
8316
8305
8404
8429
8463
8462
8482
8477
8500
8499
8463
8463
8468
8532
8510
8552
8676
8810
8747
8537
8434
8343
8346
8353
8377
8347
8881
10090
10479
9324
8569
7221
7727
8259
8324
8340
8349
8427
8491
8588
8647
8731
8803
8878
9001
9136
9297
9467
9635
9689
9712
9664
9526
9282
9001
8737
8529
8377
8292
8230
8235
8228
8171
8213
8236
8270
8298
8301
8289
8321
8360
8380
8396
8391
8403
8359
8359
8373
8350
8356
8327
8395
8437
8422
8483
8678
8742
8538
8335
8248
8274
8265
8326
8343
8474
9443
10533
10081
8898
7655
7421
8149
8395
8416
8489
8506
8559
8667
8720
8761
8857
8952
9026
9159
9308
9491
9649
9761
9836
9784
9720
9547
9294
8991
8736
8531
8411
8370
8289
8264
8279
8269
8255
8291
8334
8342
8342
8368
8402
8455
8447
8461
8465
8481
8470
8442
8424
8422
8393
8434
8411
8422
8427
8464
8435
8443
8459
8506
8533
8567
8739
8882
8752
8572
8456
8390
8421
8448
8465
8560
9205
10446
10315
9074
7872
7430
8122
8446
8490
8515
8567
8632
8714
8783
8849
8927
8999
9072
9211
9347
9506
9671
9783
9860
9840
9734
9545
9339
9075
8783
8578
8485
8408
8323
8287
8255
8267
8272
8312
8338
8372
8405
8414
8449
8479
8486
8475
8472
8464
8437
8435
8433
8430
8421
8431
8428
8476
8524
8511
8564
8716
8816
8666
8469
8410
8400
8386
8349
8389
8523
9317
10390
10158
9161
7815
7500
8095
8441
8473
8515
8578
8604
8661
8696
8796
8860
8880
9018
9140
9296
9441
9612
9689
9791
9731
9637
9510
9230
8946
8716
8531
8449
8363
8293
8295
8267
8239
8266
8280
8325
8362
8372
8422
8429
8447
8468
8500
8497
8458
8466
8462
8433
8418
8412
8397
8459
8484
8473
8550
8727
8781
8595
8424
8370
8337
8347
8325
8350
8551
9604
10492
9769
8768
7582
7507
8145
8377
8412
8465
8510
8550
8600
8696
8726
8797
8899
9018
9127
9258
9416
9573
9728
9794
9730
9632
9488
9223
8908
8686
8509
8334
8271
8242
8185
8186
8189
8147
8204
8257
8259
8266
8309
8334
8388
8358
8394
8421
8419
8373
8361
8374
8357
8367
8359
8385
8431
8476
8451
8513
8750
8783
8613
8443
8351
8322
8344
8366
8364
8597
9643
10600
9820
8757
7568
7468
8138
8377
8415
8501
8500
8555
8634
8729
8749
8873
8954
9055
9209
9368
9562
9681
9773
9843
9796
9691
9484
9214
8946
8668
8471
8355
8277
8196
8211
8191
8191
8179
8211
8228
8257
8301
8342
8357
8375
8399
8427
8404
8399
8399
8379
8362
8350
8360
8351
8348
8351
8319
8369
8402
8423
8460
8674
8768
8543
8398
8331
8305
8334
8345
8359
8508
9426
10571
10063
8840
7734
7362
8046
8366
8385
8409
8474
8562
8602
8624
8694
8780
8858
8981
9114
9230
9400
9590
9662
9785
9807
9734
9579
9320
8993
8756
8529
8352
8232
8197
8207
8172
8160
8155
8137
8179
8217
8286
8281
8295
8333
8338
8344
8330
8333
8337
8342
8331
8331
8339
8300
8389
8371
8370
8458
8671
8745
8544
8394
8307
8299
8339
8350
8324
8749
9842
10683
9755
8778
7349
7652
8184
8391
8393
8438
8479
8544
8591
8680
8727
8793
8895
9009
9133
9280
9455
9531
9650
9691
9619
9496
9293
9032
8787
8615
8481
8345
8291
8257
8268
8224
8202
8242
8256
8294
8355
8373
8441
8430
8433
8506
8477
8455
8456
8469
8440
8470
8519
8537
8535
8624
8797
8814
8612
8443
8390
8358
8370
8409
8406
8635
9630
10557
9844
8846
7733
7615
8194
8453
8446
8523
8574
8613
8704
8753
8816
8906
9000
9082
9208
9363
9544
9714
9795
9821
9762
9630
9438
9207
8973
8751
8566
8500
8416
8385
8377
8358
8331
8327
8365
8368
8402
8443
8469
8501
8497
8488
8429
8409
8397
8406
8406
8399
8413
8471
8497
8496
8641
8817
8742
8526
8397
8331
8302
8334
8386
8350
8840
9924
10471
9304
8539
7288
7753
8324
8394
8428
8459
8504
8595
8723
8774
8834
8888
8993
9102
9210
9387
9525
9686
9777
9729
9693
9534
9322
9003
8767
8554
8469
8355
8269
8263
8251
8228
8233
8248
8293
8331
8363
8394
8458
8449
8447
8441
8453
8450
8470
8443
8455
8498
8499
8498
8652
8857
8823
8594
8504
8453
8407
8418
8397
8409
8850
9984
10613
9401
8586
7361
7798
8351
8477
8524
8525
8589
8623
8680
8743
8860
8948
9017
9133
9274
9379
9531
9701
9793
9760
9745
9621
9373
9047
8744
8515
8398
8321
8285
8242
8231
8201
8195
8243
8286
8309
8305
8318
8366
8389
8375
8388
8389
8371
8387
8348
8341
8404
8430
8428
8504
8664
8779
8619
8440
8303
8283
8313
8309
8286
8441
9315
10515
10185
8954
7586
7510
8177
8415
8474
8488
8505
8528
8587
8635
8748
8775
8834
8885
9001
9189
9353
9477
9616
9690
9681
9582
9389
9149
8942
8682
8496
8376
8299
8267
8242
8200
8229
8258
8306
8317
8404
8460
8476
8498
8456
8425
8454
8442
8460
8450
8471
8466
8488
8587
8761
8646
8476
8399
8324
8358
8300
8283
8358
8837
9945
10379
9323
8363
7301
7776
8249
8404
8425
8462
8502
8529
8622
8682
8733
8842
8941
9067
9179
9390
9534
9593
9635
9588
9510
9339
9073
8831
8647
8461
8371
8249
8257
8249
8211
8211
8206
8243
8328
8341
8355
8423
8430
8444
8432
8431
8435
8436
8421
8466
8499
8530
8635
8815
8714
8520
8428